file,segment,vertex,time,ele,hr,lat,lon
2011-04-17_running.gpx,0,0,2011-04-17T21:37:44+00:00,294.79998779296875,*hr*,44.95696588419378,-93.88518956489861
2011-04-17_running.gpx,0,1,2011-04-17T21:37:47+00:00,294.79998779296875,*hr*,44.95697133243084,-93.88531059958041
2011-04-17_running.gpx,0,2,2011-04-17T21:37:53+00:00,295.20001220703125,*hr*,44.95700695551932,-93.88553238473833
2011-04-17_running.gpx,0,3,2011-04-17T21:37:58+00:00,295.20001220703125,*hr*,44.95704467408359,-93.88570203445852
2011-04-17_running.gpx,0,4,2011-04-17T21:38:03+00:00,295.79998779296875,*hr*,44.95706948451698,-93.88588635250926
2011-04-17_running.gpx,0,5,2011-04-17T21:38:08+00:00,296.20001220703125,*hr*,44.95709806680679,-93.88607368804514
2011-04-17_running.gpx,0,6,2011-04-17T21:38:13+00:00,296.20001220703125,*hr*,44.957133354619145,-93.8862469419837
2011-04-17_running.gpx,0,7,2011-04-17T21:38:20+00:00,295.79998779296875,*hr*,44.95717266574502,-93.88647836633027
2011-04-17_running.gpx,0,8,2011-04-17T21:38:26+00:00,297.20001220703125,*hr*,44.957203175872564,-93.88667626306415
2011-04-17_running.gpx,0,9,2011-04-17T21:38:32+00:00,301.0,*hr*,44.95721507817507,-93.88690517283976
2011-04-17_running.gpx,0,10,2011-04-17T21:38:38+00:00,304.79998779296875,*hr*,44.95723309926689,-93.88715076260269
2011-04-17_running.gpx,0,11,2011-04-17T21:38:44+00:00,307.20001220703125,*hr*,44.9572722427547,-93.88735285028815
2011-04-17_running.gpx,0,12,2011-04-17T21:38:50+00:00,309.20001220703125,*hr*,44.95730266906321,-93.887571785599
2011-04-17_running.gpx,0,13,2011-04-17T21:38:54+00:00,311.6000061035156,*hr*,44.95733586139977,-93.88770639896393
2011-04-17_running.gpx,0,14,2011-04-17T21:39:01+00:00,307.79998779296875,*hr*,44.957376681268215,-93.88794276863337
2011-04-17_running.gpx,0,15,2011-04-17T21:39:07+00:00,306.3999938964844,*hr*,44.95741213671863,-93.88815625570714
2011-04-17_running.gpx,0,16,2011-04-17T21:39:13+00:00,303.0,*hr*,44.95744675397873,-93.88836747966707
2011-04-17_running.gpx,0,17,2011-04-17T21:39:22+00:00,294.79998779296875,*hr*,44.95748983696103,-93.88865388929844
2011-04-17_running.gpx,0,18,2011-04-17T21:39:27+00:00,291.79998779296875,*hr*,44.95751506648958,-93.88882546685636
2011-04-17_running.gpx,0,19,2011-04-17T21:39:32+00:00,291.79998779296875,*hr*,44.9575190898031,-93.88903819955885
2011-04-17_running.gpx,0,20,2011-04-17T21:39:37+00:00,293.3999938964844,*hr*,44.95753384195268,-93.88923584483564
2011-04-17_running.gpx,0,21,2011-04-17T21:39:42+00:00,294.79998779296875,*hr*,44.95755865238607,-93.88944296166301
2011-04-17_running.gpx,0,22,2011-04-17T21:39:47+00:00,296.20001220703125,*hr*,44.95758983306587,-93.88963675126433
2011-04-17_running.gpx,0,23,2011-04-17T21:39:53+00:00,297.6000061035156,*hr*,44.957615565508604,-93.88987387530506
2011-04-17_running.gpx,0,24,2011-04-17T21:39:58+00:00,296.20001220703125,*hr*,44.957642052322626,-93.8900441955775
2011-04-17_running.gpx,0,25,2011-04-17T21:40:04+00:00,295.20001220703125,*hr*,44.957658061757684,-93.89025893993676
2011-04-17_running.gpx,0,26,2011-04-17T21:40:10+00:00,296.20001220703125,*hr*,44.957687398418784,-93.89049388468266
2011-04-17_running.gpx,0,27,2011-04-17T21:40:16+00:00,299.6000061035156,*hr*,44.95769728906453,-93.89073905535042
2011-04-17_running.gpx,0,28,2011-04-17T21:40:21+00:00,304.3999938964844,*hr*,44.95770659297705,-93.89093066565692
2011-04-17_running.gpx,0,29,2011-04-17T21:40:26+00:00,308.20001220703125,*hr*,44.95771606452763,-93.89113275334239
2011-04-17_running.gpx,0,30,2011-04-17T21:40:31+00:00,312.6000061035156,*hr*,44.957719165831804,-93.89134255237877
2011-04-17_running.gpx,0,31,2011-04-17T21:40:37+00:00,316.79998779296875,*hr*,44.957734839990735,-93.89157456345856
2011-04-17_running.gpx,0,32,2011-04-17T21:40:42+00:00,320.79998779296875,*hr*,44.957752861082554,-93.89179048128426
2011-04-17_running.gpx,0,33,2011-04-17T21:40:47+00:00,322.6000061035156,*hr*,44.95776535011828,-93.8919988553971
2011-04-17_running.gpx,0,34,2011-04-17T21:40:53+00:00,325.0,*hr*,44.957778761163354,-93.8922718539834
2011-04-17_running.gpx,0,35,2011-04-17T21:40:58+00:00,326.6000061035156,*hr*,44.957799296826124,-93.89247897081077
2011-04-17_running.gpx,0,36,2011-04-17T21:41:03+00:00,324.6000061035156,*hr*,44.957808181643486,-93.89267234131694
2011-04-17_running.gpx,0,37,2011-04-17T21:41:08+00:00,322.6000061035156,*hr*,44.9578179884702,-93.89287644065917
2011-04-17_running.gpx,0,38,2011-04-17T21:41:13+00:00,323.6000061035156,*hr*,44.95780876837671,-93.89309076592326
2011-04-17_running.gpx,0,39,2011-04-17T21:41:19+00:00,322.20001220703125,*hr*,44.95780985802412,-93.89332763850689
2011-04-17_running.gpx,0,40,2011-04-17T21:41:24+00:00,321.6000061035156,*hr*,44.95780298486352,-93.89352444559336
2011-04-17_running.gpx,0,41,2011-04-17T21:41:28+00:00,324.20001220703125,*hr*,44.957802733406425,-93.89369669370353
2011-04-17_running.gpx,0,42,2011-04-17T21:41:34+00:00,323.6000061035156,*hr*,44.957788651809096,-93.89394647441804
2011-04-17_running.gpx,0,43,2011-04-17T21:41:39+00:00,322.6000061035156,*hr*,44.95777565985918,-93.8941318821162
2011-04-17_running.gpx,0,44,2011-04-17T21:41:45+00:00,321.20001220703125,*hr*,44.95776585303247,-93.89437797479331
2011-04-17_running.gpx,0,45,2011-04-17T21:41:51+00:00,320.20001220703125,*hr*,44.95776157826185,-93.89461459591985
2011-04-17_running.gpx,0,46,2011-04-17T21:41:56+00:00,320.79998779296875,*hr*,44.95775755494833,-93.89481165446341
2011-04-17_running.gpx,0,47,2011-04-17T21:42:01+00:00,319.79998779296875,*hr*,44.95774196460843,-93.89500636607409
2011-04-17_running.gpx,0,48,2011-04-17T21:42:06+00:00,319.20001220703125,*hr*,44.95773567818105,-93.89520878903568
2011-04-17_running.gpx,0,49,2011-04-17T21:42:14+00:00,316.0,*hr*,44.95772385969758,-93.89553157612681
2011-04-17_running.gpx,0,50,2011-04-17T21:42:20+00:00,314.0,*hr*,44.957705084234476,-93.8957757409662
2011-04-17_running.gpx,0,51,2011-04-17T21:42:25+00:00,315.0,*hr*,44.95769435539842,-93.89598235487938
2011-04-17_running.gpx,0,52,2011-04-17T21:42:31+00:00,315.3999938964844,*hr*,44.95767876505852,-93.89623205177486
2011-04-17_running.gpx,0,53,2011-04-17T21:42:37+00:00,316.79998779296875,*hr*,44.95766535401344,-93.8964731991291
2011-04-17_running.gpx,0,54,2011-04-17T21:42:42+00:00,317.79998779296875,*hr*,44.95765403844416,-93.89667277224362
2011-04-17_running.gpx,0,55,2011-04-17T21:42:48+00:00,316.0,*hr*,44.95765797793865,-93.89689908362925
2011-04-17_running.gpx,0,56,2011-04-17T21:42:54+00:00,313.0,*hr*,44.95765093713999,-93.89712329953909
2011-04-17_running.gpx,0,57,2011-04-17T21:42:59+00:00,309.20001220703125,*hr*,44.957648338750005,-93.89732119627297
2011-04-17_running.gpx,0,58,2011-04-17T21:43:04+00:00,307.79998779296875,*hr*,44.95763677172363,-93.89751649461687
2011-04-17_running.gpx,0,59,2011-04-17T21:43:10+00:00,305.3999938964844,*hr*,44.95764766819775,-93.89773467555642
2011-04-17_running.gpx,0,60,2011-04-17T21:43:15+00:00,304.79998779296875,*hr*,44.9576348438859,-93.89791396446526
2011-04-17_running.gpx,0,61,2011-04-17T21:43:21+00:00,310.6000061035156,*hr*,44.95760575868189,-93.89817547984421
2011-04-17_running.gpx,0,62,2011-04-17T21:43:27+00:00,313.0,*hr*,44.95759226381779,-93.89841905795038
2011-04-17_running.gpx,0,63,2011-04-17T21:43:32+00:00,316.79998779296875,*hr*,44.957590755075216,-93.89861946925521
2011-04-17_running.gpx,0,64,2011-04-17T21:43:38+00:00,316.3999938964844,*hr*,44.95758228935301,-93.89884226024151
2011-04-17_running.gpx,0,65,2011-04-17T21:43:45+00:00,316.0,*hr*,44.95757005177438,-93.8991152588278
2011-04-17_running.gpx,0,66,2011-04-17T21:43:51+00:00,320.20001220703125,*hr*,44.9575621727854,-93.899369481951
2011-04-17_running.gpx,0,67,2011-04-17T21:43:57+00:00,322.6000061035156,*hr*,44.957556473091245,-93.89961255714297
2011-04-17_running.gpx,0,68,2011-04-17T21:44:02+00:00,324.6000061035156,*hr*,44.95753224939108,-93.89981657266617
2011-04-17_running.gpx,0,69,2011-04-17T21:44:07+00:00,325.0,*hr*,44.957524789497256,-93.9000270422548
2011-04-17_running.gpx,0,70,2011-04-17T21:44:13+00:00,320.79998779296875,*hr*,44.957518335431814,-93.90024036169052
2011-04-17_running.gpx,0,71,2011-04-17T21:44:20+00:00,324.6000061035156,*hr*,44.95750207453966,-93.90049793757498
2011-04-17_running.gpx,0,72,2011-04-17T21:44:26+00:00,320.79998779296875,*hr*,44.95749905705452,-93.90071117319167
2011-04-17_running.gpx,0,73,2011-04-17T21:44:32+00:00,318.79998779296875,*hr*,44.95749109424651,-93.90092759393156
2011-04-17_running.gpx,0,74,2011-04-17T21:44:38+00:00,316.0,*hr*,44.95747106149793,-93.90115239657462
2011-04-17_running.gpx,0,75,2011-04-17T21:44:43+00:00,313.6000061035156,*hr*,44.95744625106454,-93.90134308487177
2011-04-17_running.gpx,0,76,2011-04-17T21:44:49+00:00,312.0,*hr*,44.957443652674556,-93.90157585032284
2011-04-17_running.gpx,0,77,2011-04-17T21:44:53+00:00,309.6000061035156,*hr*,44.95743803679943,-93.90170669183135
2011-04-17_running.gpx,0,78,2011-04-17T21:44:57+00:00,309.20001220703125,*hr*,44.957437785342336,-93.90185488387942
2011-04-17_running.gpx,0,79,2011-04-17T21:45:02+00:00,309.6000061035156,*hr*,44.957427056506276,-93.90203006565571
2011-04-17_running.gpx,0,80,2011-04-17T21:45:07+00:00,311.20001220703125,*hr*,44.95740928687155,-93.90221907757223
2011-04-17_running.gpx,0,81,2011-04-17T21:45:13+00:00,318.79998779296875,*hr*,44.95739629492164,-93.90245603397489
2011-04-17_running.gpx,0,82,2011-04-17T21:45:19+00:00,327.3999938964844,*hr*,44.95737835764885,-93.90269659459591
2011-04-17_running.gpx,0,83,2011-04-17T21:45:24+00:00,330.79998779296875,*hr*,44.95738145895302,-93.90286205336452
2011-04-17_running.gpx,0,84,2011-04-17T21:45:29+00:00,334.6000061035156,*hr*,44.95735983364284,-93.90305567532778
2011-04-17_running.gpx,0,85,2011-04-17T21:45:34+00:00,340.0,*hr*,44.957339968532324,-93.90326295979321
2011-04-17_running.gpx,0,86,2011-04-17T21:45:39+00:00,342.79998779296875,*hr*,44.957351787015796,-93.90342925675213
2011-04-17_running.gpx,0,87,2011-04-17T21:45:42+00:00,343.3999938964844,*hr*,44.9573618452996,-93.90352506190538
2011-04-17_running.gpx,0,88,2011-04-17T21:45:47+00:00,344.79998779296875,*hr*,44.95735438540578,-93.90370418317616
2011-04-17_running.gpx,0,89,2011-04-17T21:45:55+00:00,344.79998779296875,*hr*,44.95733376592398,-93.9040026627481
2011-04-17_running.gpx,0,90,2011-04-17T21:46:01+00:00,343.3999938964844,*hr*,44.95732085779309,-93.90422193333507
2011-04-17_running.gpx,0,91,2011-04-17T21:46:06+00:00,345.79998779296875,*hr*,44.95732647366822,-93.90441429801285
2011-04-17_running.gpx,0,92,2011-04-17T21:46:07+00:00,344.79998779296875,*hr*,44.95732077397406,-93.90444849617779
2011-04-17_running.gpx,0,93,2011-04-17T21:46:12+00:00,343.79998779296875,*hr*,44.957292694598436,-93.90461613424122
2011-04-17_running.gpx,0,94,2011-04-17T21:46:19+00:00,343.79998779296875,*hr*,44.957294035702944,-93.90486465767026
2011-04-17_running.gpx,0,95,2011-04-17T21:46:24+00:00,341.79998779296875,*hr*,44.95729914866388,-93.90501863323152
2011-04-17_running.gpx,0,96,2011-04-17T21:46:29+00:00,337.6000061035156,*hr*,44.95729906484485,-93.90518635511398
2011-04-17_running.gpx,0,97,2011-04-17T21:46:34+00:00,334.20001220703125,*hr*,44.95730308815837,-93.90535273589194
2011-04-17_running.gpx,0,98,2011-04-17T21:46:35+00:00,334.20001220703125,*hr*,44.95730149559677,-93.905387269333
2011-04-17_running.gpx,1,0,2011-04-17T21:46:35+00:00,334.20001220703125,*hr*,44.95730149559677,-93.905387269333
2011-04-17_running.gpx,1,1,2011-04-17T21:46:41+00:00,329.79998779296875,*hr*,44.95729059912264,-93.90560209751129
2011-04-17_running.gpx,1,2,2011-04-17T21:46:47+00:00,328.3999938964844,*hr*,44.95729143731296,-93.9058193564415
2011-04-17_running.gpx,1,3,2011-04-17T21:46:52+00:00,326.6000061035156,*hr*,44.957281379029155,-93.90598883852363
2011-04-17_running.gpx,1,4,2011-04-17T21:47:00+00:00,308.79998779296875,*hr*,44.957286743447185,-93.90614993870258
2011-04-17_running.gpx,1,5,2011-04-17T21:47:05+00:00,311.20001220703125,*hr*,44.9572788644582,-93.90629687346518
2011-04-17_running.gpx,1,6,2011-04-17T21:47:09+00:00,308.79998779296875,*hr*,44.95726888999343,-93.90637817792594
2011-04-17_running.gpx,1,7,2011-04-17T21:47:17+00:00,300.6000061035156,*hr*,44.95727375149727,-93.90654254704714
2011-04-17_running.gpx,1,8,2011-04-17T21:47:26+00:00,303.3999938964844,*hr*,44.9572566524148,-93.90677304938436
2011-04-17_running.gpx,1,9,2011-04-17T21:47:33+00:00,306.3999938964844,*hr*,44.95724458247423,-93.90693909488618
2011-04-17_running.gpx,1,10,2011-04-17T21:47:38+00:00,307.20001220703125,*hr*,44.95723653584719,-93.90714378096163
2011-04-17_running.gpx,1,11,2011-04-17T21:47:43+00:00,309.20001220703125,*hr*,44.957232093438506,-93.90736456029117
2011-04-17_running.gpx,1,12,2011-04-17T21:47:48+00:00,310.6000061035156,*hr*,44.957220358774066,-93.90756857581437
2011-04-17_running.gpx,1,13,2011-04-17T21:47:53+00:00,310.6000061035156,*hr*,44.95720636099577,-93.9077673945576
2011-04-17_running.gpx,1,14,2011-04-17T21:47:57+00:00,314.0,*hr*,44.95721323415637,-93.90791416168213
2011-04-17_running.gpx,1,15,2011-04-17T21:48:02+00:00,315.3999938964844,*hr*,44.9572167545557,-93.90810149721801
2011-04-17_running.gpx,1,16,2011-04-17T21:48:04+00:00,316.79998779296875,*hr*,44.957218850031495,-93.90818975865841
2011-04-17_running.gpx,1,17,2011-04-17T21:48:11+00:00,318.79998779296875,*hr*,44.957193871960044,-93.90847717411816
2011-04-17_running.gpx,1,18,2011-04-17T21:48:17+00:00,322.6000061035156,*hr*,44.95717425830662,-93.90874237753451
2011-04-17_running.gpx,1,19,2011-04-17T21:48:23+00:00,324.20001220703125,*hr*,44.957165541127324,-93.90899718739092
2011-04-17_running.gpx,1,20,2011-04-17T21:48:27+00:00,325.6000061035156,*hr*,44.957143161445856,-93.90916616655886
2011-04-17_running.gpx,1,21,2011-04-17T21:48:31+00:00,325.6000061035156,*hr*,44.95714735239744,-93.90933573246002
2011-04-17_running.gpx,1,22,2011-04-17T21:48:36+00:00,326.0,*hr*,44.95713796466589,-93.90953958034515
2011-04-17_running.gpx,1,23,2011-04-17T21:48:43+00:00,329.0,*hr*,44.95713704265654,-93.90983864665031
2011-04-17_running.gpx,1,24,2011-04-17T21:48:48+00:00,330.79998779296875,*hr*,44.95712296105921,-93.91005146317184
2011-04-17_running.gpx,1,25,2011-04-17T21:48:55+00:00,333.79998779296875,*hr*,44.957100665196776,-93.91035379841924
2011-04-17_running.gpx,1,26,2011-04-17T21:49:01+00:00,331.79998779296875,*hr*,44.95709345676005,-93.91059863381088
2011-04-17_running.gpx,1,27,2011-04-17T21:49:08+00:00,329.3999938964844,*hr*,44.95708867907524,-93.91089334152639
2011-04-17_running.gpx,1,28,2011-04-17T21:49:15+00:00,321.6000061035156,*hr*,44.957089349627495,-93.91117388382554
2011-04-17_running.gpx,1,29,2011-04-17T21:49:21+00:00,322.6000061035156,*hr*,44.95707795023918,-93.91143095679581
2011-04-17_running.gpx,1,30,2011-04-17T21:49:26+00:00,320.20001220703125,*hr*,44.9570597615093,-93.911640252918
2011-04-17_running.gpx,1,31,2011-04-17T21:49:31+00:00,314.0,*hr*,44.957047859206796,-93.91184837557375
2011-04-17_running.gpx,1,32,2011-04-17T21:49:38+00:00,311.6000061035156,*hr*,44.95703645981848,-93.9121394790709
2011-04-17_running.gpx,1,33,2011-04-17T21:49:43+00:00,311.20001220703125,*hr*,44.95703436434269,-93.91232916153967
2011-04-17_running.gpx,1,34,2011-04-17T21:49:48+00:00,312.6000061035156,*hr*,44.95701835490763,-93.91253233887255
2011-04-17_running.gpx,1,35,2011-04-17T21:49:54+00:00,315.0,*hr*,44.957005279138684,-93.91278765164316
2011-04-17_running.gpx,1,36,2011-04-17T21:49:59+00:00,316.3999938964844,*hr*,44.95698935352266,-93.91299904324114
2011-04-17_running.gpx,1,37,2011-04-17T21:50:05+00:00,316.0,*hr*,44.956979965791106,-93.9132362511009
2011-04-17_running.gpx,1,38,2011-04-17T21:50:11+00:00,315.3999938964844,*hr*,44.956973092630506,-93.91348075121641
2011-04-17_running.gpx,1,39,2011-04-17T21:50:16+00:00,315.0,*hr*,44.956972086802125,-93.91368635930121
2011-04-17_running.gpx,1,40,2011-04-17T21:50:21+00:00,312.0,*hr*,44.95696219615638,-93.91387453302741
2011-04-17_running.gpx,1,41,2011-04-17T21:50:27+00:00,311.6000061035156,*hr*,44.956952054053545,-93.91410117968917
2011-04-17_running.gpx,1,42,2011-04-17T21:50:28+00:00,312.0,*hr*,44.95695079676807,-93.91414049081504
2011-04-17_running.gpx,1,43,2011-04-17T21:50:32+00:00,312.0,*hr*,44.95692254975438,-93.91429237090051
2011-04-17_running.gpx,1,44,2011-04-17T21:50:39+00:00,319.20001220703125,*hr*,44.956909557804465,-93.91459235921502
2011-04-17_running.gpx,1,45,2011-04-17T21:50:44+00:00,322.20001220703125,*hr*,44.95691215619445,-93.91482403501868
2011-04-17_running.gpx,1,46,2011-04-17T21:50:49+00:00,326.0,*hr*,44.95689069852233,-93.91505219042301
2011-04-17_running.gpx,1,47,2011-04-17T21:50:56+00:00,329.79998779296875,*hr*,44.956867061555386,-93.91534279100597
2011-04-17_running.gpx,1,48,2011-04-17T21:51:02+00:00,323.6000061035156,*hr*,44.956884663552046,-93.91556918621063
2011-04-17_running.gpx,1,49,2011-04-17T21:51:07+00:00,323.20001220703125,*hr*,44.956874856725335,-93.91578116454184
2011-04-17_running.gpx,1,50,2011-04-17T21:51:12+00:00,322.6000061035156,*hr*,44.95685884729028,-93.91598685644567
2011-04-17_running.gpx,1,51,2011-04-17T21:51:17+00:00,326.6000061035156,*hr*,44.95684593915939,-93.9161909557879
2011-04-17_running.gpx,1,52,2011-04-17T21:51:21+00:00,329.79998779296875,*hr*,44.95684275403619,-93.91637158580124
2011-04-17_running.gpx,1,53,2011-04-17T21:51:25+00:00,329.0,*hr*,44.95683889836073,-93.91653126105666
2011-04-17_running.gpx,1,54,2011-04-17T21:51:30+00:00,334.20001220703125,*hr*,44.95682758279145,-93.91675438731909
2011-04-17_running.gpx,1,55,2011-04-17T21:51:34+00:00,332.79998779296875,*hr*,44.95682909153402,-93.91691205091774
2011-04-17_running.gpx,1,56,2011-04-17T21:51:39+00:00,332.20001220703125,*hr*,44.95681945234537,-93.91712436452508
2011-04-17_running.gpx,1,57,2011-04-17T21:51:44+00:00,333.20001220703125,*hr*,44.95680335909128,-93.9173511788249
2011-04-17_running.gpx,1,58,2011-04-17T21:51:49+00:00,327.0,*hr*,44.95680369436741,-93.91753599978983
2011-04-17_running.gpx,1,59,2011-04-17T21:51:54+00:00,326.6000061035156,*hr*,44.95679598301649,-93.9177309628576
2011-04-17_running.gpx,1,60,2011-04-17T21:52:00+00:00,321.6000061035156,*hr*,44.956789864227176,-93.91796565614641
2011-04-17_running.gpx,1,61,2011-04-17T21:52:05+00:00,316.79998779296875,*hr*,44.956770250573754,-93.91814544796944
2011-04-17_running.gpx,1,62,2011-04-17T21:52:10+00:00,312.0,*hr*,44.95675968937576,-93.91833496280015
2011-04-17_running.gpx,1,63,2011-04-17T21:52:15+00:00,311.20001220703125,*hr*,44.95674946345389,-93.91854333691299
2011-04-17_running.gpx,1,64,2011-04-17T21:52:23+00:00,306.79998779296875,*hr*,44.95674644596875,-93.91885103657842
2011-04-17_running.gpx,1,65,2011-04-17T21:52:28+00:00,306.79998779296875,*hr*,44.9567402433604,-93.91905915923417
2011-04-17_running.gpx,1,66,2011-04-17T21:52:33+00:00,307.79998779296875,*hr*,44.956728760153055,-93.91926384530962
2011-04-17_running.gpx,1,67,2011-04-17T21:52:40+00:00,305.79998779296875,*hr*,44.95671333745122,-93.91953977756202
2011-04-17_running.gpx,1,68,2011-04-17T21:52:45+00:00,304.79998779296875,*hr*,44.95671568438411,-93.91972543671727
2011-04-17_running.gpx,1,69,2011-04-17T21:52:50+00:00,306.3999938964844,*hr*,44.95670596137643,-93.91991595737636
2011-04-17_running.gpx,1,70,2011-04-17T21:52:55+00:00,306.3999938964844,*hr*,44.95669825002551,-93.92012148164213
2011-04-17_running.gpx,1,71,2011-04-17T21:53:00+00:00,305.3999938964844,*hr*,44.9566815700382,-93.92033253796399
2011-04-17_running.gpx,1,72,2011-04-17T21:53:06+00:00,304.79998779296875,*hr*,44.95667318813503,-93.92058474943042
2011-04-17_running.gpx,1,73,2011-04-17T21:53:11+00:00,305.79998779296875,*hr*,44.9566556699574,-93.92078298144042
2011-04-17_running.gpx,1,74,2011-04-17T21:53:17+00:00,306.79998779296875,*hr*,44.95664896443486,-93.92104248516262
2011-04-17_running.gpx,1,75,2011-04-17T21:53:22+00:00,305.79998779296875,*hr*,44.9566382355988,-93.92123904079199
2011-04-17_running.gpx,1,76,2011-04-17T21:53:28+00:00,304.0,*hr*,44.95662256143987,-93.92148396000266
2011-04-17_running.gpx,1,77,2011-04-17T21:53:34+00:00,302.3999938964844,*hr*,44.956615436822176,-93.92172837629914
2011-04-17_running.gpx,1,78,2011-04-17T21:53:41+00:00,303.3999938964844,*hr*,44.956602696329355,-93.92201143316925
2011-04-17_running.gpx,1,79,2011-04-17T21:53:46+00:00,302.3999938964844,*hr*,44.956600684672594,-93.92220463603735
2011-04-17_running.gpx,1,80,2011-04-17T21:53:52+00:00,303.3999938964844,*hr*,44.956581741571426,-93.92244444228709
2011-04-17_running.gpx,1,81,2011-04-17T21:53:56+00:00,304.79998779296875,*hr*,44.95657646097243,-93.92259255051613
2011-04-17_running.gpx,1,82,2011-04-17T21:54:00+00:00,306.3999938964844,*hr*,44.956572353839874,-93.92276354134083
2011-04-17_running.gpx,1,83,2011-04-17T21:54:06+00:00,308.20001220703125,*hr*,44.95653748512268,-93.92301944084466
2011-04-17_running.gpx,1,84,2011-04-17T21:54:11+00:00,311.20001220703125,*hr*,44.95653698220849,-93.92321415245533
2011-04-17_running.gpx,1,85,2011-04-17T21:54:17+00:00,315.0,*hr*,44.95651829056442,-93.92344675026834
2011-04-17_running.gpx,1,86,2011-04-17T21:54:22+00:00,317.79998779296875,*hr*,44.956504963338375,-93.92365478910506
2011-04-17_running.gpx,1,87,2011-04-17T21:54:27+00:00,318.3999938964844,*hr*,44.956494234502316,-93.92385268583894
2011-04-17_running.gpx,1,88,2011-04-17T21:54:33+00:00,316.3999938964844,*hr*,44.95650236494839,-93.92409215681255
2011-04-17_running.gpx,1,89,2011-04-17T21:54:38+00:00,314.3999938964844,*hr*,44.95650974102318,-93.92429784871638
2011-04-17_running.gpx,1,90,2011-04-17T21:54:42+00:00,313.6000061035156,*hr*,44.95650756172836,-93.92444545403123
2011-04-17_running.gpx,1,91,2011-04-17T21:54:48+00:00,309.20001220703125,*hr*,44.956516698002815,-93.92469707876444
2011-04-17_running.gpx,1,92,2011-04-17T21:54:54+00:00,309.20001220703125,*hr*,44.95651158504188,-93.92494216561317
2011-04-17_running.gpx,1,93,2011-04-17T21:55:00+00:00,314.0,*hr*,44.95650328695774,-93.92519714310765
2011-04-17_running.gpx,1,94,2011-04-17T21:55:05+00:00,316.3999938964844,*hr*,44.95648727752268,-93.92541884444654
2011-04-17_running.gpx,1,95,2011-04-17T21:55:09+00:00,320.79998779296875,*hr*,44.956480488181114,-93.92559385858476
2011-04-17_running.gpx,1,96,2011-04-17T21:55:11+00:00,323.20001220703125,*hr*,44.95647738687694,-93.92568186856806
2011-04-17_running.gpx,2,0,2011-04-17T21:55:16+00:00,319.79998779296875,*hr*,44.95648945681751,-93.92586425878108
2011-04-17_running.gpx,2,1,2011-04-17T21:55:21+00:00,319.20001220703125,*hr*,44.95648895390332,-93.92602468840778
2011-04-17_running.gpx,2,2,2011-04-17T21:55:28+00:00,313.6000061035156,*hr*,44.95649046264589,-93.92619366757572
2011-04-17_running.gpx,2,3,2011-04-17T21:55:37+00:00,308.20001220703125,*hr*,44.95650177821517,-93.92640237696469
2011-04-17_running.gpx,2,4,2011-04-17T21:55:43+00:00,307.79998779296875,*hr*,44.9565052986145,-93.92658585682511
2011-04-17_running.gpx,2,5,2011-04-17T21:55:47+00:00,309.20001220703125,*hr*,44.956506388261914,-93.92676598392427
2011-04-17_running.gpx,2,6,2011-04-17T21:55:53+00:00,309.6000061035156,*hr*,44.95649364776909,-93.92700855620205
2011-04-17_running.gpx,2,7,2011-04-17T21:55:57+00:00,310.6000061035156,*hr*,44.95649306103587,-93.92718407325447
2011-04-17_running.gpx,2,8,2011-04-17T21:56:02+00:00,312.0,*hr*,44.956497168168426,-93.92737115733325
2011-04-17_running.gpx,2,9,2011-04-17T21:56:08+00:00,312.0,*hr*,44.95650135912001,-93.92759227193892
2011-04-17_running.gpx,2,10,2011-04-17T21:56:13+00:00,315.0,*hr*,44.95649876073003,-93.9277922641486
2011-04-17_running.gpx,2,11,2011-04-17T21:56:18+00:00,319.79998779296875,*hr*,44.956498090177774,-93.92801027745008
2011-04-17_running.gpx,2,12,2011-04-17T21:56:24+00:00,320.20001220703125,*hr*,44.95649255812168,-93.92824966460466
2011-04-17_running.gpx,2,13,2011-04-17T21:56:30+00:00,322.20001220703125,*hr*,44.95650135912001,-93.9284915663302
2011-04-17_running.gpx,2,14,2011-04-17T21:56:36+00:00,320.20001220703125,*hr*,44.956521559506655,-93.92872927710414
2011-04-17_running.gpx,2,15,2011-04-17T21:56:41+00:00,318.3999938964844,*hr*,44.956528851762414,-93.92891937866807
2011-04-17_running.gpx,2,16,2011-04-17T21:56:46+00:00,317.79998779296875,*hr*,44.95653656311333,-93.92910554073751
2011-04-17_running.gpx,2,17,2011-04-17T21:56:51+00:00,314.3999938964844,*hr*,44.95652927085757,-93.92929245717824
2011-04-17_running.gpx,2,18,2011-04-17T21:56:57+00:00,313.6000061035156,*hr*,44.95652968995273,-93.92952396534383
2011-04-17_running.gpx,2,19,2011-04-17T21:57:04+00:00,312.0,*hr*,44.95653949677944,-93.9297725725919
2011-04-17_running.gpx,2,20,2011-04-17T21:57:05+00:00,312.6000061035156,*hr*,44.9565417598933,-93.92981674522161
2011-04-17_running.gpx,2,21,2011-04-17T21:57:11+00:00,317.79998779296875,*hr*,44.95653245598078,-93.9300471637398
2011-04-17_running.gpx,2,22,2011-04-17T21:57:12+00:00,317.79998779296875,*hr*,44.956533294171095,-93.9300833735615
2011-04-17_running.gpx,2,23,2011-04-17T21:57:19+00:00,322.6000061035156,*hr*,44.95653924532235,-93.93033675849438
2011-04-17_running.gpx,2,24,2011-04-17T21:57:24+00:00,319.79998779296875,*hr*,44.95654293335974,-93.93051479011774
2011-04-17_running.gpx,2,25,2011-04-17T21:57:30+00:00,313.6000061035156,*hr*,44.95655609294772,-93.93074177205563
2011-04-17_running.gpx,2,26,2011-04-17T21:57:37+00:00,312.6000061035156,*hr*,44.95654854923487,-93.93102776259184
2011-04-17_running.gpx,2,27,2011-04-17T21:57:42+00:00,313.0,*hr*,44.95653798803687,-93.9312179479748
2011-04-17_running.gpx,2,28,2011-04-17T21:57:47+00:00,312.0,*hr*,44.9565417598933,-93.93139589577913
2011-04-17_running.gpx,2,29,2011-04-17T21:57:52+00:00,310.6000061035156,*hr*,44.956537149846554,-93.93156789243221
2011-04-17_running.gpx,2,30,2011-04-17T21:57:56+00:00,312.6000061035156,*hr*,44.95655005797744,-93.93173494376242
2011-04-17_running.gpx,2,31,2011-04-17T21:58:01+00:00,313.6000061035156,*hr*,44.956531869247556,-93.9319211896509
2011-04-17_running.gpx,2,32,2011-04-17T21:58:07+00:00,319.79998779296875,*hr*,44.95653295889497,-93.93220919184387
2011-04-17_running.gpx,2,33,2011-04-17T21:58:13+00:00,321.6000061035156,*hr*,44.95653656311333,-93.93244246020913
2011-04-17_running.gpx,2,34,2011-04-17T21:58:18+00:00,324.20001220703125,*hr*,44.95653555728495,-93.93264756537974
2011-04-17_running.gpx,2,35,2011-04-17T21:58:23+00:00,323.6000061035156,*hr*,44.95653958059847,-93.93285376019776
2011-04-17_running.gpx,2,36,2011-04-17T21:58:28+00:00,325.0,*hr*,44.95654134079814,-93.93306448124349
2011-04-17_running.gpx,2,37,2011-04-17T21:58:33+00:00,326.6000061035156,*hr*,44.956547040492296,-93.93327469937503
2011-04-17_running.gpx,2,38,2011-04-17T21:58:37+00:00,324.20001220703125,*hr*,44.95655978098512,-93.93341618590057
2011-04-17_running.gpx,2,39,2011-04-17T21:58:43+00:00,321.20001220703125,*hr*,44.95656816288829,-93.93363554030657
2011-04-17_running.gpx,2,40,2011-04-17T21:58:45+00:00,322.6000061035156,*hr*,44.9565623793751,-93.93371609039605
2011-04-17_running.gpx,2,41,2011-04-17T21:58:49+00:00,318.3999938964844,*hr*,44.95656774379313,-93.93386939540505
2011-04-17_running.gpx,2,42,2011-04-17T21:58:55+00:00,317.79998779296875,*hr*,44.95657763443887,-93.93411825411022
2011-04-17_running.gpx,2,43,2011-04-17T21:59:00+00:00,318.3999938964844,*hr*,44.95658333413303,-93.93431967124343
2011-04-17_running.gpx,2,44,2011-04-17T21:59:04+00:00,317.3999938964844,*hr*,44.95658375322819,-93.93447616137564
2011-04-17_running.gpx,2,45,2011-04-17T21:59:09+00:00,315.0,*hr*,44.95657755061984,-93.93466265872121
2011-04-17_running.gpx,2,46,2011-04-17T21:59:15+00:00,316.0,*hr*,44.95657989755273,-93.93490925431252
2011-04-17_running.gpx,2,47,2011-04-17T21:59:20+00:00,316.0,*hr*,44.95658425614238,-93.93511016853154
2011-04-17_running.gpx,2,48,2011-04-17T21:59:25+00:00,316.0,*hr*,44.9565795622766,-93.93529524095356
2011-04-17_running.gpx,2,49,2011-04-17T21:59:31+00:00,313.0,*hr*,44.956591464579105,-93.93553085625172
2011-04-17_running.gpx,2,50,2011-04-17T21:59:38+00:00,310.20001220703125,*hr*,44.956590961664915,-93.93579865805805
2011-04-17_running.gpx,2,51,2011-04-17T21:59:44+00:00,307.20001220703125,*hr*,44.95660185813904,-93.93603435717523
2011-04-17_running.gpx,2,52,2011-04-17T21:59:52+00:00,309.6000061035156,*hr*,44.9566091503948,-93.93636829219759
2011-04-17_running.gpx,2,53,2011-04-17T21:59:57+00:00,312.6000061035156,*hr*,44.956606049090624,-93.9365797676146
2011-04-17_running.gpx,2,54,2011-04-17T22:00:03+00:00,311.20001220703125,*hr*,44.9566004332155,-93.93679585307837
2011-04-17_running.gpx,2,55,2011-04-17T22:00:08+00:00,310.6000061035156,*hr*,44.95659959502518,-93.93699006177485
2011-04-17_running.gpx,2,56,2011-04-17T22:00:13+00:00,313.0,*hr*,44.95659565553069,-93.9372034650296
2011-04-17_running.gpx,2,57,2011-04-17T22:00:20+00:00,312.6000061035156,*hr*,44.956593392416835,-93.93750445917249
2011-04-17_running.gpx,2,58,2011-04-17T22:00:26+00:00,313.6000061035156,*hr*,44.95660294778645,-93.93777477554977
2011-04-17_running.gpx,2,59,2011-04-17T22:00:32+00:00,310.6000061035156,*hr*,44.9566088989377,-93.93800385296345
2011-04-17_running.gpx,2,60,2011-04-17T22:00:38+00:00,309.6000061035156,*hr*,44.95661769993603,-93.93825279548764
2011-04-17_running.gpx,2,61,2011-04-17T22:00:46+00:00,307.20001220703125,*hr*,44.95663035660982,-93.9385846350342
2011-04-17_running.gpx,2,62,2011-04-17T22:00:54+00:00,303.0,*hr*,44.95663748122752,-93.93889283761382
2011-04-17_running.gpx,2,63,2011-04-17T22:01:01+00:00,302.0,*hr*,44.95663815177977,-93.93918486312032
2011-04-17_running.gpx,2,64,2011-04-17T22:01:07+00:00,303.3999938964844,*hr*,44.95664343237877,-93.93943078815937
2011-04-17_running.gpx,2,65,2011-04-17T22:01:13+00:00,305.3999938964844,*hr*,44.95664753951132,-93.9396763779223
2011-04-17_running.gpx,2,66,2011-04-17T22:01:18+00:00,307.20001220703125,*hr*,44.95664837770164,-93.93987226299942
2011-04-17_running.gpx,2,67,2011-04-17T22:01:24+00:00,309.6000061035156,*hr*,44.95663966052234,-93.94011056050658
2011-04-17_running.gpx,2,68,2011-04-17T22:01:30+00:00,313.6000061035156,*hr*,44.95663035660982,-93.94036134704947
2011-04-17_running.gpx,2,69,2011-04-17T22:01:35+00:00,316.3999938964844,*hr*,44.95663697831333,-93.94057475030422
2011-04-17_running.gpx,2,70,2011-04-17T22:01:39+00:00,318.3999938964844,*hr*,44.9566400796175,-93.94071229733527
2011-04-17_running.gpx,2,71,2011-04-17T22:01:44+00:00,321.20001220703125,*hr*,44.95662826113403,-93.94091974943876
2011-04-17_running.gpx,2,72,2011-04-17T22:01:51+00:00,316.79998779296875,*hr*,44.95661904104054,-93.94116709940135
2011-04-17_running.gpx,2,73,2011-04-17T22:01:55+00:00,318.3999938964844,*hr*,44.95662088505924,-93.94132409244776
2011-04-17_running.gpx,2,74,2011-04-17T22:01:59+00:00,321.20001220703125,*hr*,44.9566194601357,-93.94147806800902
2011-04-17_running.gpx,2,75,2011-04-17T22:02:03+00:00,325.0,*hr*,44.95661845430732,-93.94165266305208
2011-04-17_running.gpx,2,76,2011-04-17T22:02:10+00:00,325.6000061035156,*hr*,44.95660504326224,-93.94190504215658
2011-04-17_running.gpx,2,77,2011-04-17T22:02:15+00:00,328.3999938964844,*hr*,44.9566194601357,-93.94209254533052
2011-04-17_running.gpx,2,78,2011-04-17T22:02:20+00:00,329.0,*hr*,44.95661308988929,-93.9422851614654
2011-04-17_running.gpx,2,79,2011-04-17T22:02:25+00:00,329.79998779296875,*hr*,44.95661376044154,-93.94249923527241
2011-04-17_running.gpx,2,80,2011-04-17T22:02:32+00:00,329.0,*hr*,44.95662356726825,-93.9427825435996
2011-04-17_running.gpx,2,81,2011-04-17T22:02:36+00:00,323.20001220703125,*hr*,44.95662298053503,-93.9429056737572
2011-04-17_running.gpx,2,82,2011-04-17T22:02:41+00:00,319.79998779296875,*hr*,44.95660445652902,-93.94309946335852
2011-04-17_running.gpx,2,83,2011-04-17T22:02:46+00:00,319.20001220703125,*hr*,44.95659414678812,-93.94330414943397
2011-04-17_running.gpx,2,84,2011-04-17T22:02:53+00:00,311.6000061035156,*hr*,44.956610072404146,-93.94356549717486
2011-04-17_running.gpx,2,85,2011-04-17T22:02:59+00:00,305.3999938964844,*hr*,44.956625662744045,-93.94377697259188
2011-04-17_running.gpx,2,86,2011-04-17T22:03:00+00:00,306.3999938964844,*hr*,44.95662155561149,-93.94382164813578
2011-04-17_running.gpx,2,87,2011-04-17T22:03:06+00:00,306.79998779296875,*hr*,44.95662004686892,-93.94404745660722
2011-04-17_running.gpx,2,88,2011-04-17T22:03:11+00:00,307.79998779296875,*hr*,44.956615353003144,-93.94424644298851
2011-04-17_running.gpx,2,89,2011-04-17T22:03:17+00:00,311.6000061035156,*hr*,44.956615939736366,-93.9445162564516
2011-04-17_running.gpx,2,90,2011-04-17T22:03:22+00:00,314.3999938964844,*hr*,44.95662407018244,-93.94472605548799
2011-04-17_running.gpx,2,91,2011-04-17T22:03:27+00:00,316.3999938964844,*hr*,44.95662348344922,-93.9449118822813
2011-04-17_running.gpx,2,92,2011-04-17T22:03:32+00:00,313.0,*hr*,44.95662524364889,-93.94510089419782
2011-04-17_running.gpx,2,93,2011-04-17T22:03:37+00:00,310.20001220703125,*hr*,44.95663069188595,-93.94529786892235
2011-04-17_running.gpx,2,94,2011-04-17T22:03:43+00:00,309.20001220703125,*hr*,44.956637397408485,-93.9455458894372
2011-04-17_running.gpx,2,95,2011-04-17T22:03:48+00:00,312.6000061035156,*hr*,44.95663756504655,-93.94576239399612
2011-04-17_running.gpx,2,96,2011-04-17T22:03:52+00:00,312.0,*hr*,44.956651059910655,-93.94593489356339
2011-04-17_running.gpx,2,97,2011-04-17T22:03:55+00:00,309.20001220703125,*hr*,44.95664485730231,-93.9460538327694
2011-04-17_running.gpx,3,0,2011-04-17T22:03:57+00:00,307.20001220703125,*hr*,44.956645695492625,-93.94613253884017
2011-04-17_running.gpx,3,1,2011-04-17T22:03:58+00:00,305.79998779296875,*hr*,44.956644689664245,-93.94616514444351
2011-04-17_running.gpx,3,2,2011-04-17T22:04:03+00:00,300.0,*hr*,44.95666463859379,-93.9463088940829
2011-04-17_running.gpx,3,3,2011-04-17T22:04:06+00:00,296.79998779296875,*hr*,44.95667427778244,-93.94637536257505
2011-04-17_running.gpx,3,4,2011-04-17T22:04:13+00:00,294.3999938964844,*hr*,44.95667335577309,-93.94657694734633
2011-04-17_running.gpx,3,5,2011-04-17T22:04:19+00:00,292.3999938964844,*hr*,44.95668534189463,-93.94676805473864
2011-04-17_running.gpx,3,6,2011-04-17T22:04:24+00:00,291.0,*hr*,44.9566900357604,-93.94695706665516
2011-04-17_running.gpx,3,7,2011-04-17T22:04:29+00:00,290.3999938964844,*hr*,44.95668928138912,-93.9471466653049
2011-04-17_running.gpx,3,8,2011-04-17T22:04:34+00:00,291.0,*hr*,44.95669288560748,-93.94734414294362
2011-04-17_running.gpx,3,9,2011-04-17T22:04:39+00:00,295.20001220703125,*hr*,44.95667955838144,-93.94756408408284
2011-04-17_running.gpx,3,10,2011-04-17T22:04:44+00:00,300.0,*hr*,44.956677379086614,-93.94778285175562
2011-04-17_running.gpx,3,11,2011-04-17T22:04:49+00:00,302.0,*hr*,44.95667218230665,-93.94798938184977
2011-04-17_running.gpx,3,12,2011-04-17T22:04:55+00:00,304.79998779296875,*hr*,44.9566831625998,-93.94824394024909
2011-04-17_running.gpx,3,13,2011-04-17T22:04:56+00:00,305.79998779296875,*hr*,44.95668299496174,-93.94828744232655
2011-04-17_running.gpx,3,14,2011-04-17T22:05:01+00:00,306.3999938964844,*hr*,44.956693053245544,-93.94848114810884
2011-04-17_running.gpx,3,15,2011-04-17T22:05:02+00:00,306.3999938964844,*hr*,44.95669825002551,-93.94851878285408
2011-04-17_running.gpx,3,16,2011-04-17T22:05:10+00:00,307.20001220703125,*hr*,44.95670227333903,-93.9488425757736
2011-04-17_running.gpx,3,17,2011-04-17T22:05:16+00:00,305.3999938964844,*hr*,44.95670227333903,-93.9490962959826
2011-04-17_running.gpx,3,18,2011-04-17T22:05:22+00:00,310.20001220703125,*hr*,44.95669288560748,-93.94935965538025
2011-04-17_running.gpx,3,19,2011-04-17T22:05:27+00:00,305.79998779296875,*hr*,44.95670537464321,-93.94956383854151
2011-04-17_running.gpx,3,20,2011-04-17T22:05:32+00:00,308.79998779296875,*hr*,44.956709733232856,-93.94977455958724
2011-04-17_running.gpx,3,21,2011-04-17T22:05:39+00:00,314.0,*hr*,44.95669925585389,-93.9500651601702
2011-04-17_running.gpx,3,22,2011-04-17T22:05:44+00:00,313.6000061035156,*hr*,44.95672423392534,-93.95026607438922
2011-04-17_running.gpx,3,23,2011-04-17T22:05:50+00:00,313.6000061035156,*hr*,44.956737058237195,-93.95051434636116
2011-04-17_running.gpx,3,24,2011-04-17T22:05:55+00:00,312.0,*hr*,44.956740494817495,-93.9507057890296
2011-04-17_running.gpx,3,25,2011-04-17T22:06:00+00:00,309.20001220703125,*hr*,44.95674803853035,-93.95088826306164
2011-04-17_running.gpx,3,26,2011-04-17T22:06:05+00:00,307.79998779296875,*hr*,44.95675943791866,-93.95108825527132
2011-04-17_running.gpx,3,27,2011-04-17T22:06:11+00:00,306.79998779296875,*hr*,44.95675985701382,-93.95133577287197
2011-04-17_running.gpx,3,28,2011-04-17T22:06:17+00:00,304.79998779296875,*hr*,44.95676035992801,-93.95157247781754
2011-04-17_running.gpx,3,29,2011-04-17T22:06:23+00:00,306.3999938964844,*hr*,44.95676756836474,-93.95180406980217
2011-04-17_running.gpx,3,30,2011-04-17T22:06:30+00:00,304.0,*hr*,44.9567764531821,-93.95204865373671
2011-04-17_running.gpx,3,31,2011-04-17T22:06:36+00:00,303.0,*hr*,44.95677444152534,-93.95225895568728
2011-04-17_running.gpx,3,32,2011-04-17T22:06:41+00:00,304.3999938964844,*hr*,44.95677385479212,-93.9524635579437
2011-04-17_running.gpx,3,33,2011-04-17T22:06:49+00:00,305.79998779296875,*hr*,44.95677544735372,-93.9527743589133
2011-04-17_running.gpx,3,34,2011-04-17T22:06:55+00:00,304.0,*hr*,44.956783996894956,-93.95300595089793
2011-04-17_running.gpx,3,35,2011-04-17T22:07:02+00:00,302.3999938964844,*hr*,44.9567904509604,-93.95326889120042
2011-04-17_running.gpx,3,36,2011-04-17T22:07:09+00:00,301.6000061035156,*hr*,44.95679874904454,-93.95352579653263
2011-04-17_running.gpx,3,37,2011-04-17T22:07:14+00:00,300.0,*hr*,44.95679724030197,-93.95371816121042
2011-04-17_running.gpx,3,38,2011-04-17T22:07:19+00:00,298.6000061035156,*hr*,44.956799587234855,-93.9538954384625
2011-04-17_running.gpx,3,39,2011-04-17T22:07:24+00:00,299.20001220703125,*hr*,44.95680704712868,-93.95409006625414
2011-04-17_running.gpx,3,40,2011-04-17T22:07:31+00:00,300.0,*hr*,44.95680654421449,-93.95435526967049
2011-04-17_running.gpx,3,41,2011-04-17T22:07:38+00:00,302.0,*hr*,44.95680034160614,-93.95461267791688
2011-04-17_running.gpx,3,42,2011-04-17T22:07:45+00:00,304.0,*hr*,44.95680084452033,-93.95488374866545
2011-04-17_running.gpx,3,43,2011-04-17T22:07:52+00:00,304.79998779296875,*hr*,44.95680025778711,-93.95514886826277
2011-04-17_running.gpx,3,44,2011-04-17T22:07:58+00:00,305.79998779296875,*hr*,44.95679774321616,-93.95536185242236
2011-04-17_running.gpx,3,45,2011-04-17T22:08:03+00:00,305.3999938964844,*hr*,44.95679874904454,-93.95552747882903
2011-04-17_running.gpx,3,46,2011-04-17T22:08:10+00:00,307.20001220703125,*hr*,44.95680084452033,-93.95580408163369
2011-04-17_running.gpx,3,47,2011-04-17T22:08:17+00:00,307.20001220703125,*hr*,44.95681115426123,-93.95607406273484
2011-04-17_running.gpx,3,48,2011-04-17T22:08:23+00:00,309.20001220703125,*hr*,44.956805957481265,-93.95631143823266
2011-04-17_running.gpx,3,49,2011-04-17T22:08:30+00:00,309.20001220703125,*hr*,44.95681358501315,-93.95660698413849
2011-04-17_running.gpx,3,50,2011-04-17T22:08:37+00:00,308.20001220703125,*hr*,44.956813333556056,-93.95689347758889
2011-04-17_running.gpx,3,51,2011-04-17T22:08:43+00:00,308.79998779296875,*hr*,44.956813752651215,-93.95712959580123
2011-04-17_running.gpx,3,52,2011-04-17T22:08:48+00:00,312.0,*hr*,44.9568076338619,-93.95733243785799
2011-04-17_running.gpx,3,53,2011-04-17T22:08:55+00:00,319.20001220703125,*hr*,44.95679556392133,-93.95762454718351
2011-04-17_running.gpx,3,54,2011-04-17T22:09:01+00:00,322.20001220703125,*hr*,44.95678659528494,-93.95786225795746
2011-04-17_running.gpx,3,55,2011-04-17T22:09:09+00:00,319.79998779296875,*hr*,44.95677997358143,-93.95814229734242
2011-04-17_running.gpx,3,56,2011-04-17T22:09:15+00:00,318.3999938964844,*hr*,44.95677595026791,-93.958392245695
2011-04-17_running.gpx,3,57,2011-04-17T22:09:20+00:00,316.79998779296875,*hr*,44.956788355484605,-93.9586076606065
2011-04-17_running.gpx,3,58,2011-04-17T22:09:25+00:00,314.3999938964844,*hr*,44.95680436491966,-93.95880706608295
2011-04-17_running.gpx,3,59,2011-04-17T22:09:31+00:00,314.0,*hr*,44.956807969138026,-93.95903505384922
2011-04-17_running.gpx,3,60,2011-04-17T22:09:36+00:00,315.0,*hr*,44.956814758479595,-93.95923689007759
2011-04-17_running.gpx,3,61,2011-04-17T22:09:42+00:00,314.0,*hr*,44.95681316591799,-93.95947694778442
2011-04-17_running.gpx,3,62,2011-04-17T22:09:48+00:00,312.0,*hr*,44.956826493144035,-93.95972463302314
2011-04-17_running.gpx,3,63,2011-04-17T22:09:53+00:00,312.0,*hr*,44.95682473294437,-93.95992546342313
2011-04-17_running.gpx,3,64,2011-04-17T22:09:58+00:00,313.6000061035156,*hr*,44.95683018118143,-93.9601346757263
2011-04-17_running.gpx,3,65,2011-04-17T22:10:04+00:00,313.6000061035156,*hr*,44.956822553649545,-93.9603844564408
2011-04-17_running.gpx,3,66,2011-04-17T22:10:10+00:00,311.20001220703125,*hr*,44.95681484229863,-93.96062275394797
2011-04-17_running.gpx,3,67,2011-04-17T22:10:16+00:00,310.6000061035156,*hr*,44.956823475658894,-93.9608770608902
2011-04-17_running.gpx,3,68,2011-04-17T22:10:22+00:00,310.20001220703125,*hr*,44.95682607404888,-93.96109524182975
2011-04-17_running.gpx,3,69,2011-04-17T22:10:27+00:00,311.20001220703125,*hr*,44.95682909153402,-93.96129925735295
2011-04-17_running.gpx,3,70,2011-04-17T22:10:33+00:00,310.6000061035156,*hr*,44.95681165717542,-93.9615229703486
2011-04-17_running.gpx,3,71,2011-04-17T22:10:38+00:00,310.20001220703125,*hr*,44.95681065134704,-93.96170225925744
2011-04-17_running.gpx,3,72,2011-04-17T22:10:44+00:00,313.6000061035156,*hr*,44.95682079344988,-93.96195807494223
2011-04-17_running.gpx,3,73,2011-04-17T22:10:49+00:00,316.3999938964844,*hr*,44.956821044906974,-93.96216946654022
2011-04-17_running.gpx,3,74,2011-04-17T22:10:54+00:00,317.79998779296875,*hr*,44.9568282533437,-93.96236686035991
2011-04-17_running.gpx,3,75,2011-04-17T22:11:00+00:00,316.0,*hr*,44.95682146400213,-93.96258093416691
2011-04-17_running.gpx,3,76,2011-04-17T22:11:06+00:00,316.0,*hr*,44.956823056563735,-93.96280724555254
2011-04-17_running.gpx,3,77,2011-04-17T22:11:11+00:00,316.3999938964844,*hr*,44.956827498972416,-93.96300975233316
2011-04-17_running.gpx,3,78,2011-04-17T22:11:18+00:00,320.79998779296875,*hr*,44.95683655142784,-93.96329616196454
2011-04-17_running.gpx,3,79,2011-04-17T22:11:23+00:00,317.3999938964844,*hr*,44.95685314759612,-93.9634860958904
2011-04-17_running.gpx,3,80,2011-04-17T22:11:29+00:00,321.20001220703125,*hr*,44.95685155503452,-93.96376546472311
2011-04-17_running.gpx,3,81,2011-04-17T22:11:35+00:00,320.20001220703125,*hr*,44.95686194859445,-93.96400485187769
2011-04-17_running.gpx,3,82,2011-04-17T22:11:39+00:00,321.20001220703125,*hr*,44.956865636631846,-93.96416787989438
2011-04-17_running.gpx,3,83,2011-04-17T22:11:43+00:00,318.79998779296875,*hr*,44.95686186477542,-93.96431565284729
2011-04-17_running.gpx,3,84,2011-04-17T22:11:48+00:00,316.3999938964844,*hr*,44.9568644631654,-93.96453525871038
2011-04-17_running.gpx,3,85,2011-04-17T22:11:53+00:00,318.3999938964844,*hr*,44.95686194859445,-93.96476517431438
2011-04-17_running.gpx,3,86,2011-04-17T22:12:00+00:00,313.6000061035156,*hr*,44.956874856725335,-93.96504479460418
2011-04-17_running.gpx,3,87,2011-04-17T22:12:06+00:00,311.6000061035156,*hr*,44.956879299134016,-93.96530044265091
2011-04-17_running.gpx,3,88,2011-04-17T22:12:13+00:00,312.0,*hr*,44.9568990804255,-93.96560068242252
2011-04-17_running.gpx,3,89,2011-04-17T22:12:19+00:00,309.6000061035156,*hr*,44.95690394192934,-93.96585457026958
2011-04-17_running.gpx,3,90,2011-04-17T22:12:24+00:00,308.79998779296875,*hr*,44.95690687559545,-93.96607518196106
2011-04-17_running.gpx,3,91,2011-04-17T22:12:30+00:00,315.0,*hr*,44.956899248063564,-93.96639193408191
2011-04-17_running.gpx,3,92,2011-04-17T22:12:31+00:00,316.0,*hr*,44.95689505711198,-93.96643635816872
2011-04-17_running.gpx,4,0,2011-04-17T22:12:35+00:00,315.3999938964844,*hr*,44.95689656585455,-93.96658153273165
2011-04-17_running.gpx,4,1,2011-04-17T22:12:40+00:00,310.6000061035156,*hr*,44.95690536685288,-93.96671765483916
2011-04-17_running.gpx,4,2,2011-04-17T22:12:46+00:00,307.79998779296875,*hr*,44.956907043233514,-93.96684095263481
2011-04-17_running.gpx,4,3,2011-04-17T22:12:49+00:00,305.79998779296875,*hr*,44.95691215619445,-93.96689543500543
2011-04-17_running.gpx,4,4,2011-04-17T22:12:56+00:00,303.0,*hr*,44.95691374875605,-93.96708025597036
2011-04-17_running.gpx,4,5,2011-04-17T22:13:02+00:00,309.6000061035156,*hr*,44.95690578594804,-93.96729567088187
2011-04-17_running.gpx,4,6,2011-04-17T22:13:07+00:00,309.6000061035156,*hr*,44.95690679177642,-93.96749876439571
2011-04-17_running.gpx,4,7,2011-04-17T22:13:12+00:00,312.0,*hr*,44.95690654031932,-93.96770554594696
2011-04-17_running.gpx,4,8,2011-04-17T22:13:18+00:00,309.20001220703125,*hr*,44.95690637268126,-93.96793856285512
2011-04-17_running.gpx,4,9,2011-04-17T22:13:23+00:00,310.6000061035156,*hr*,44.95691609568894,-93.96815305575728
2011-04-17_running.gpx,4,10,2011-04-17T22:13:28+00:00,312.6000061035156,*hr*,44.95690536685288,-93.96837199106812
2011-04-17_running.gpx,4,11,2011-04-17T22:13:33+00:00,314.3999938964844,*hr*,44.95691115036607,-93.96859436295927
2011-04-17_running.gpx,4,12,2011-04-17T22:13:38+00:00,313.0,*hr*,44.95691768825054,-93.96881547756493
2011-04-17_running.gpx,4,13,2011-04-17T22:13:43+00:00,311.6000061035156,*hr*,44.95692355558276,-93.96900826133788
2011-04-17_running.gpx,4,14,2011-04-17T22:13:49+00:00,308.20001220703125,*hr*,44.95692095719278,-93.96925058215857
2011-04-17_running.gpx,4,15,2011-04-17T22:13:55+00:00,309.6000061035156,*hr*,44.95692799799144,-93.96950036287308
2011-04-17_running.gpx,4,16,2011-04-17T22:14:01+00:00,312.0,*hr*,44.956917855888605,-93.969751233235
2011-04-17_running.gpx,4,17,2011-04-17T22:14:06+00:00,311.6000061035156,*hr*,44.95693135075271,-93.96994929760695
2011-04-17_running.gpx,4,18,2011-04-17T22:14:11+00:00,310.6000061035156,*hr*,44.95693973265588,-93.97016387432814
2011-04-17_running.gpx,4,19,2011-04-17T22:14:16+00:00,310.20001220703125,*hr*,44.95692439377308,-93.97038507275283
2011-04-17_running.gpx,4,20,2011-04-17T22:14:23+00:00,313.0,*hr*,44.956933446228504,-93.97070936858654
2011-04-17_running.gpx,4,21,2011-04-17T22:14:29+00:00,311.20001220703125,*hr*,44.95693998411298,-93.97095629945397
2011-04-17_running.gpx,4,22,2011-04-17T22:14:34+00:00,312.0,*hr*,44.956935960799456,-93.97115897387266
2011-04-17_running.gpx,4,23,2011-04-17T22:14:40+00:00,312.6000061035156,*hr*,44.95694627054036,-93.97142157889903
2011-04-17_running.gpx,4,24,2011-04-17T22:14:47+00:00,311.20001220703125,*hr*,44.95695289224386,-93.97173237986863
2011-04-17_running.gpx,4,25,2011-04-17T22:14:54+00:00,309.6000061035156,*hr*,44.956955993548036,-93.9720449410379
2011-04-17_running.gpx,4,26,2011-04-17T22:15:00+00:00,308.20001220703125,*hr*,44.95696546509862,-93.9723055344075
2011-04-17_running.gpx,4,27,2011-04-17T22:15:07+00:00,306.79998779296875,*hr*,44.956974098458886,-93.97261306643486
2011-04-17_running.gpx,4,28,2011-04-17T22:15:12+00:00,306.3999938964844,*hr*,44.95697753503919,-93.97282085381448
2011-04-17_running.gpx,4,29,2011-04-17T22:15:17+00:00,304.0,*hr*,44.95698398910463,-93.9730270486325
2011-04-17_running.gpx,4,30,2011-04-17T22:15:23+00:00,303.3999938964844,*hr*,44.956993041560054,-93.97327104583383
2011-04-17_running.gpx,4,31,2011-04-17T22:15:29+00:00,305.3999938964844,*hr*,44.95698055252433,-93.97351085208356
2011-04-17_running.gpx,4,32,2011-04-17T22:15:35+00:00,306.79998779296875,*hr*,44.95697426609695,-93.97375158034265
2011-04-17_running.gpx,4,33,2011-04-17T22:15:40+00:00,307.20001220703125,*hr*,44.95697619393468,-93.973942771554
2011-04-17_running.gpx,4,34,2011-04-17T22:15:47+00:00,305.79998779296875,*hr*,44.95698926970363,-93.97421216592193
2011-04-17_running.gpx,4,35,2011-04-17T22:15:52+00:00,306.79998779296875,*hr*,44.956988180056214,-93.97441266104579
2011-04-17_running.gpx,4,36,2011-04-17T22:15:58+00:00,307.79998779296875,*hr*,44.95698926970363,-93.97465749643743
2011-04-17_running.gpx,4,37,2011-04-17T22:16:05+00:00,308.20001220703125,*hr*,44.956994634121656,-93.97494985722005
2011-04-17_running.gpx,4,38,2011-04-17T22:16:12+00:00,308.79998779296875,*hr*,44.95699094608426,-93.97523425519466
2011-04-17_running.gpx,4,39,2011-04-17T22:16:18+00:00,308.79998779296875,*hr*,44.95700075291097,-93.97547297179699
2011-04-17_running.gpx,4,40,2011-04-17T22:16:23+00:00,307.79998779296875,*hr*,44.95700947009027,-93.97567329928279
2011-04-17_running.gpx,4,41,2011-04-17T22:16:31+00:00,307.79998779296875,*hr*,44.95701567269862,-93.97598108276725
2011-04-17_running.gpx,4,42,2011-04-17T22:16:36+00:00,307.79998779296875,*hr*,44.95701475068927,-93.97618426010013
2011-04-17_running.gpx,4,43,2011-04-17T22:16:41+00:00,307.79998779296875,*hr*,44.957014583051205,-93.97638383321464
2011-04-17_running.gpx,4,44,2011-04-17T22:16:46+00:00,307.79998779296875,*hr*,44.95701533742249,-93.97658449597657
2011-04-17_running.gpx,4,45,2011-04-17T22:16:53+00:00,308.79998779296875,*hr*,44.957013158127666,-93.97686428390443
2011-04-17_running.gpx,4,46,2011-04-17T22:17:01+00:00,308.79998779296875,*hr*,44.95701625943184,-93.97718505933881
2011-04-17_running.gpx,4,47,2011-04-17T22:17:09+00:00,308.79998779296875,*hr*,44.9570235516876,-93.97750893607736
2011-04-17_running.gpx,4,48,2011-04-17T22:17:17+00:00,308.20001220703125,*hr*,44.95703394524753,-93.97783633321524
2011-04-17_running.gpx,4,49,2011-04-17T22:17:25+00:00,307.20001220703125,*hr*,44.95703344233334,-93.97817445918918
2011-04-17_running.gpx,4,50,2011-04-17T22:17:32+00:00,305.3999938964844,*hr*,44.95704106986523,-93.97846698760986
2011-04-17_running.gpx,4,51,2011-04-17T22:17:38+00:00,304.3999938964844,*hr*,44.95704459026456,-93.97870293818414
2011-04-17_running.gpx,4,52,2011-04-17T22:17:43+00:00,303.0,*hr*,44.95705104433,-93.97890435531735
2011-04-17_running.gpx,4,53,2011-04-17T22:17:49+00:00,303.3999938964844,*hr*,44.957054145634174,-93.9791507832706
2011-04-17_running.gpx,4,54,2011-04-17T22:17:55+00:00,304.0,*hr*,44.9570613540709,-93.97940006107092
2011-04-17_running.gpx,4,55,2011-04-17T22:18:02+00:00,304.79998779296875,*hr*,44.957063952460885,-93.97968303412199
2011-04-17_running.gpx,4,56,2011-04-17T22:18:09+00:00,305.79998779296875,*hr*,44.95705875568092,-93.97996877320111
2011-04-17_running.gpx,4,57,2011-04-17T22:18:15+00:00,305.3999938964844,*hr*,44.95706235989928,-93.98022048175335
2011-04-17_running.gpx,4,58,2011-04-17T22:18:22+00:00,307.20001220703125,*hr*,44.95705087669194,-93.98050563409925
2011-04-17_running.gpx,4,59,2011-04-17T22:18:29+00:00,307.20001220703125,*hr*,44.95705096051097,-93.98080118000507
2011-04-17_running.gpx,4,60,2011-04-17T22:18:35+00:00,307.20001220703125,*hr*,44.957048865035176,-93.98104224354029
2011-04-17_running.gpx,4,61,2011-04-17T22:18:41+00:00,307.20001220703125,*hr*,44.95705196633935,-93.98128565400839
2011-04-17_running.gpx,4,62,2011-04-17T22:18:47+00:00,306.3999938964844,*hr*,44.95705984532833,-93.98152378387749
2011-04-17_running.gpx,4,63,2011-04-17T22:18:53+00:00,305.3999938964844,*hr*,44.95706428773701,-93.98177163675427
2011-04-17_running.gpx,4,64,2011-04-17T22:18:59+00:00,304.79998779296875,*hr*,44.957073256373405,-93.98202108219266
2011-04-17_running.gpx,4,65,2011-04-17T22:19:04+00:00,303.3999938964844,*hr*,44.95707736350596,-93.98222845047712
2011-04-17_running.gpx,4,66,2011-04-17T22:19:09+00:00,304.0,*hr*,44.957071747630835,-93.98243456147611
2011-04-17_running.gpx,4,67,2011-04-17T22:19:16+00:00,303.0,*hr*,44.95707895606756,-93.98273119702935
2011-04-17_running.gpx,4,68,2011-04-17T22:19:24+00:00,302.3999938964844,*hr*,44.957088846713305,-93.98307468742132
2011-04-17_running.gpx,4,69,2011-04-17T22:19:31+00:00,303.0,*hr*,44.957090774551034,-93.98336729966104
2011-04-17_running.gpx,4,70,2011-04-17T22:19:37+00:00,303.0,*hr*,44.95709496550262,-93.98361976258457
2011-04-17_running.gpx,4,71,2011-04-17T22:19:45+00:00,303.3999938964844,*hr*,44.95709789916873,-93.98394799791276
2011-04-17_running.gpx,4,72,2011-04-17T22:19:52+00:00,303.3999938964844,*hr*,44.95710133574903,-93.98420188575983
2011-04-17_running.gpx,4,73,2011-04-17T22:19:58+00:00,304.3999938964844,*hr*,44.95710418559611,-93.98440766148269
2011-04-17_running.gpx,4,74,2011-04-17T22:20:04+00:00,305.3999938964844,*hr*,44.957100665196776,-93.98461394011974
2011-04-17_running.gpx,4,75,2011-04-17T22:20:10+00:00,305.3999938964844,*hr*,44.957095971331,-93.98483656346798
2011-04-17_running.gpx,4,76,2011-04-17T22:20:17+00:00,305.79998779296875,*hr*,44.95709354057908,-93.98509288206697
2011-04-17_running.gpx,4,77,2011-04-17T22:20:23+00:00,306.79998779296875,*hr*,44.957100665196776,-93.985330844298
2011-04-17_running.gpx,4,78,2011-04-17T22:20:29+00:00,306.79998779296875,*hr*,44.95710703544319,-93.98555958643556
2011-04-17_running.gpx,4,79,2011-04-17T22:20:36+00:00,306.79998779296875,*hr*,44.957105945795774,-93.98584557697177
2011-04-17_running.gpx,4,80,2011-04-17T22:20:41+00:00,307.20001220703125,*hr*,44.957109382376075,-93.98603475652635
2011-04-17_running.gpx,4,81,2011-04-17T22:20:47+00:00,307.20001220703125,*hr*,44.957107454538345,-93.98627288639545
2011-04-17_running.gpx,4,82,2011-04-17T22:20:53+00:00,307.20001220703125,*hr*,44.95710368268192,-93.98650313727558
2011-04-17_running.gpx,4,83,2011-04-17T22:20:59+00:00,307.79998779296875,*hr*,44.95710535906255,-93.98673665709794
2011-04-17_running.gpx,4,84,2011-04-17T22:21:01+00:00,308.20001220703125,*hr*,44.95710334740579,-93.9868142735213
2011-04-17_running.gpx,5,0,2011-04-17T22:21:03+00:00,307.20001220703125,*hr*,44.95710586197674,-93.9868853520602
2011-04-17_running.gpx,5,1,2011-04-17T22:21:05+00:00,306.79998779296875,*hr*,44.95710175484419,-93.98690605536103
2011-04-17_running.gpx,5,2,2011-04-17T22:21:12+00:00,306.3999938964844,*hr*,44.95710267685354,-93.98674386553466
2011-04-17_running.gpx,5,3,2011-04-17T22:21:20+00:00,306.3999938964844,*hr*,44.95710435323417,-93.98655326105654
2011-04-17_running.gpx,5,4,2011-04-17T22:21:28+00:00,306.79998779296875,*hr*,44.957103095948696,-93.98635385558009
2011-04-17_running.gpx,5,5,2011-04-17T22:21:34+00:00,307.20001220703125,*hr*,44.957094294950366,-93.98620918393135
2011-04-17_running.gpx,5,6,2011-04-17T22:21:41+00:00,306.3999938964844,*hr*,44.95709446258843,-93.98604565300047
2011-04-17_running.gpx,5,7,2011-04-17T22:21:49+00:00,305.79998779296875,*hr*,44.957099659368396,-93.98586938157678
2011-04-17_running.gpx,5,8,2011-04-17T22:21:57+00:00,306.79998779296875,*hr*,44.95710586197674,-93.98566788062453
2011-04-17_running.gpx,5,9,2011-04-17T22:22:02+00:00,308.20001220703125,*hr*,44.957106951624155,-93.98548339493573
2011-04-17_running.gpx,5,10,2011-04-17T22:22:08+00:00,310.20001220703125,*hr*,44.9571115616709,-93.98524903692305
2011-04-17_running.gpx,5,11,2011-04-17T22:22:14+00:00,312.0,*hr*,44.95712229050696,-93.98500269278884
2011-04-17_running.gpx,5,12,2011-04-17T22:22:19+00:00,313.0,*hr*,44.957107454538345,-93.98481057956815
2011-04-17_running.gpx,5,13,2011-04-17T22:22:24+00:00,313.6000061035156,*hr*,44.95711114257574,-93.98460287600756
2011-04-17_running.gpx,5,14,2011-04-17T22:22:30+00:00,313.0,*hr*,44.957096641883254,-93.98435527458787
2011-04-17_running.gpx,5,15,2011-04-17T22:22:35+00:00,312.0,*hr*,44.957090355455875,-93.98415754549205
2011-04-17_running.gpx,5,16,2011-04-17T22:22:41+00:00,311.6000061035156,*hr*,44.95709395967424,-93.98391916416585
2011-04-17_running.gpx,5,17,2011-04-17T22:22:48+00:00,311.6000061035156,*hr*,44.9570925347507,-93.98363686166704
2011-04-17_running.gpx,5,18,2011-04-17T22:22:55+00:00,312.0,*hr*,44.957097647711635,-93.98335489444435
2011-04-17_running.gpx,5,19,2011-04-17T22:23:01+00:00,312.6000061035156,*hr*,44.957098653540015,-93.98312238045037
2011-04-17_running.gpx,5,20,2011-04-17T22:23:06+00:00,313.0,*hr*,44.9570872541517,-93.98294057697058
2011-04-17_running.gpx,5,21,2011-04-17T22:23:14+00:00,314.0,*hr*,44.95707945898175,-93.98264653980732
2011-04-17_running.gpx,5,22,2011-04-17T22:23:21+00:00,314.0,*hr*,44.95707736350596,-93.98237278684974
2011-04-17_running.gpx,5,23,2011-04-17T22:23:26+00:00,314.3999938964844,*hr*,44.95707585476339,-93.9821760635823
2011-04-17_running.gpx,5,24,2011-04-17T22:23:33+00:00,316.0,*hr*,44.957082057371736,-93.98191848769784
2011-04-17_running.gpx,5,25,2011-04-17T22:23:38+00:00,316.3999938964844,*hr*,44.95706906542182,-93.98172344081104
2011-04-17_running.gpx,5,26,2011-04-17T22:23:44+00:00,316.3999938964844,*hr*,44.95707283727825,-93.98149344138801
2011-04-17_running.gpx,5,27,2011-04-17T22:23:49+00:00,317.3999938964844,*hr*,44.957082560285926,-93.98130317218602
2011-04-17_running.gpx,5,28,2011-04-17T22:23:56+00:00,318.79998779296875,*hr*,44.95708465576172,-93.98101944476366
2011-04-17_running.gpx,5,29,2011-04-17T22:24:02+00:00,318.79998779296875,*hr*,44.95707987807691,-93.9807753637433
2011-04-17_running.gpx,5,30,2011-04-17T22:24:08+00:00,318.3999938964844,*hr*,44.95707795023918,-93.98054134100676
2011-04-17_running.gpx,5,31,2011-04-17T22:24:15+00:00,318.3999938964844,*hr*,44.95707686059177,-93.98026725277305
2011-04-17_running.gpx,5,32,2011-04-17T22:24:22+00:00,318.79998779296875,*hr*,44.957082979381084,-93.97998964414
2011-04-17_running.gpx,5,33,2011-04-17T22:24:27+00:00,318.79998779296875,*hr*,44.95707727968693,-93.97979208268225
2011-04-17_running.gpx,5,34,2011-04-17T22:24:33+00:00,318.3999938964844,*hr*,44.95707577094436,-93.97955596446991
2011-04-17_running.gpx,5,35,2011-04-17T22:24:38+00:00,316.0,*hr*,44.957060599699616,-93.97935538552701
2011-04-17_running.gpx,5,36,2011-04-17T22:24:46+00:00,314.0,*hr*,44.95703863911331,-93.97903008386493
2011-04-17_running.gpx,5,37,2011-04-17T22:24:51+00:00,313.0,*hr*,44.957030173391104,-93.97884987294674
2011-04-17_running.gpx,5,38,2011-04-17T22:24:57+00:00,314.0,*hr*,44.95702908374369,-93.97861207835376
2011-04-17_running.gpx,5,39,2011-04-17T22:25:01+00:00,313.6000061035156,*hr*,44.957030760124326,-93.97844636812806
2011-04-17_running.gpx,5,40,2011-04-17T22:25:07+00:00,313.0,*hr*,44.957030760124326,-93.97819298319519
2011-04-17_running.gpx,5,41,2011-04-17T22:25:13+00:00,314.0,*hr*,44.95703486725688,-93.9779535960406
2011-04-17_running.gpx,5,42,2011-04-17T22:25:20+00:00,314.3999938964844,*hr*,44.95701349340379,-93.97767565213144
2011-04-17_running.gpx,5,43,2011-04-17T22:25:27+00:00,315.0,*hr*,44.95700854808092,-93.9773927628994
2011-04-17_running.gpx,5,44,2011-04-17T22:25:33+00:00,316.0,*hr*,44.957008296623826,-93.97714298218489
2011-04-17_running.gpx,5,45,2011-04-17T22:25:38+00:00,316.3999938964844,*hr*,44.95701533742249,-93.97693276405334
2011-04-17_running.gpx,5,46,2011-04-17T22:25:43+00:00,316.3999938964844,*hr*,44.95701718144119,-93.97672774270177
2011-04-17_running.gpx,5,47,2011-04-17T22:25:49+00:00,316.3999938964844,*hr*,44.957015588879585,-93.97648776881397
2011-04-17_running.gpx,5,48,2011-04-17T22:25:55+00:00,316.3999938964844,*hr*,44.957012152299285,-93.976244693622
2011-04-17_running.gpx,5,49,2011-04-17T22:26:01+00:00,316.79998779296875,*hr*,44.95701885782182,-93.97600413300097
2011-04-17_running.gpx,5,50,2011-04-17T22:26:08+00:00,316.0,*hr*,44.957011397928,-93.97572836838663
2011-04-17_running.gpx,5,51,2011-04-17T22:26:15+00:00,315.0,*hr*,44.95700217783451,-93.97544438950717
2011-04-17_running.gpx,5,52,2011-04-17T22:26:22+00:00,315.0,*hr*,44.95699589140713,-93.97515286691487
2011-04-17_running.gpx,5,53,2011-04-17T22:26:29+00:00,315.0,*hr*,44.95700016617775,-93.97486469708383
2011-04-17_running.gpx,5,54,2011-04-17T22:26:36+00:00,315.0,*hr*,44.95698407292366,-93.97459295578301
2011-04-17_running.gpx,5,55,2011-04-17T22:26:41+00:00,314.3999938964844,*hr*,44.95698516257107,-93.97439857944846
2011-04-17_running.gpx,5,56,2011-04-17T22:26:47+00:00,314.0,*hr*,44.95698566548526,-93.97415097802877
2011-04-17_running.gpx,5,57,2011-04-17T22:26:52+00:00,314.3999938964844,*hr*,44.95698415674269,-93.97394578903913
2011-04-17_running.gpx,5,58,2011-04-17T22:26:58+00:00,314.3999938964844,*hr*,44.956978959962726,-93.97372517734766
2011-04-17_running.gpx,5,59,2011-04-17T22:27:03+00:00,314.3999938964844,*hr*,44.9569751881063,-93.97352686151862
2011-04-17_running.gpx,5,60,2011-04-17T22:27:09+00:00,315.3999938964844,*hr*,44.95698214508593,-93.97327079437673
2011-04-17_running.gpx,5,61,2011-04-17T22:27:15+00:00,315.0,*hr*,44.95698516257107,-93.97302805446088
2011-04-17_running.gpx,5,62,2011-04-17T22:27:22+00:00,316.0,*hr*,44.956987258046865,-93.9727286528796
2011-04-17_running.gpx,5,63,2011-04-17T22:27:29+00:00,315.0,*hr*,44.9569820612669,-93.97243017330766
2011-04-17_running.gpx,5,64,2011-04-17T22:27:34+00:00,314.3999938964844,*hr*,44.95698147453368,-93.9722241461277
2011-04-17_running.gpx,5,65,2011-04-17T22:27:39+00:00,313.6000061035156,*hr*,44.95697133243084,-93.97202515974641
2011-04-17_running.gpx,5,66,2011-04-17T22:27:44+00:00,313.0,*hr*,44.956960855051875,-93.97180756554008
2011-04-17_running.gpx,5,67,2011-04-17T22:27:50+00:00,313.6000061035156,*hr*,44.95695414952934,-93.97156499326229
2011-04-17_running.gpx,5,68,2011-04-17T22:27:56+00:00,312.6000061035156,*hr*,44.95694886893034,-93.97131035104394
2011-04-17_running.gpx,5,69,2011-04-17T22:28:01+00:00,313.0,*hr*,44.95695364661515,-93.97109426558018
2011-04-17_running.gpx,5,70,2011-04-17T22:28:06+00:00,313.6000061035156,*hr*,44.956975942477584,-93.970903493464
2011-04-17_running.gpx,5,71,2011-04-17T22:28:12+00:00,314.3999938964844,*hr*,44.9569873418659,-93.97065555676818
2011-04-17_running.gpx,5,72,2011-04-17T22:28:16+00:00,315.3999938964844,*hr*,44.95697627775371,-93.9704819675535
2011-04-17_running.gpx,5,73,2011-04-17T22:28:22+00:00,315.3999938964844,*hr*,44.9570026807487,-93.97023897618055
2011-04-17_running.gpx,5,74,2011-04-17T22:28:27+00:00,317.79998779296875,*hr*,44.956998992711306,-93.97004585713148
2011-04-17_running.gpx,5,75,2011-04-17T22:28:32+00:00,318.79998779296875,*hr*,44.956995556131005,-93.96982943639159
2011-04-17_running.gpx,5,76,2011-04-17T22:28:37+00:00,319.20001220703125,*hr*,44.95699295774102,-93.9696203917265
2011-04-17_running.gpx,5,77,2011-04-17T22:28:43+00:00,318.79998779296875,*hr*,44.9569648783654,-93.96938905119896
2011-04-17_running.gpx,5,78,2011-04-17T22:28:48+00:00,318.3999938964844,*hr*,44.956961357966065,-93.9691864605993
2011-04-17_running.gpx,5,79,2011-04-17T22:28:53+00:00,321.6000061035156,*hr*,44.956969153136015,-93.96898437291384
2011-04-17_running.gpx,5,80,2011-04-17T22:28:57+00:00,321.20001220703125,*hr*,44.956986252218485,-93.96882578730583
2011-04-17_running.gpx,5,81,2011-04-17T22:29:03+00:00,320.79998779296875,*hr*,44.956990191712976,-93.96860148757696
2011-04-17_running.gpx,5,82,2011-04-17T22:29:08+00:00,320.79998779296875,*hr*,44.95700259692967,-93.96838548593223
2011-04-17_running.gpx,5,83,2011-04-17T22:29:12+00:00,321.6000061035156,*hr*,44.9570182710886,-93.96821407601237
2011-04-17_running.gpx,5,84,2011-04-17T22:29:17+00:00,322.20001220703125,*hr*,44.9570132419467,-93.96799086593091
2011-04-17_running.gpx,5,85,2011-04-17T22:29:24+00:00,319.20001220703125,*hr*,44.95700159110129,-93.96770806051791
2011-04-17_running.gpx,5,86,2011-04-17T22:29:28+00:00,320.20001220703125,*hr*,44.95700645260513,-93.96753933280706
2011-04-17_running.gpx,5,87,2011-04-17T22:29:35+00:00,317.79998779296875,*hr*,44.95696605183184,-93.96725887432694
2011-04-17_running.gpx,5,88,2011-04-17T22:29:41+00:00,317.3999938964844,*hr*,44.95694166049361,-93.96702753379941
2011-04-17_running.gpx,5,89,2011-04-17T22:29:47+00:00,319.79998779296875,*hr*,44.95695766992867,-93.96677096374333
2011-04-17_running.gpx,5,90,2011-04-17T22:29:51+00:00,319.20001220703125,*hr*,44.95695565827191,-93.96660718135536
2011-04-17_running.gpx,6,0,2011-04-17T22:29:53+00:00,318.3999938964844,*hr*,44.95695096440613,-93.96652897819877
2011-04-17_running.gpx,6,1,2011-04-17T22:29:58+00:00,318.79998779296875,*hr*,44.956944761797786,-93.96636527962983
2011-04-17_running.gpx,6,2,2011-04-17T22:30:03+00:00,319.20001220703125,*hr*,44.95694157667458,-93.96623594686389
2011-04-17_running.gpx,6,3,2011-04-17T22:30:10+00:00,317.3999938964844,*hr*,44.95692095719278,-93.96608624607325
2011-04-17_running.gpx,6,4,2011-04-17T22:30:14+00:00,316.3999938964844,*hr*,44.9569265730679,-93.96593805402517
2011-04-17_running.gpx,6,5,2011-04-17T22:30:18+00:00,316.3999938964844,*hr*,44.95691265910864,-93.9657848328352
2011-04-17_running.gpx,6,6,2011-04-17T22:30:25+00:00,317.3999938964844,*hr*,44.95691609568894,-93.96549565717578
2011-04-17_running.gpx,6,7,2011-04-17T22:30:29+00:00,316.3999938964844,*hr*,44.95692305266857,-93.96532089449465
2011-04-17_running.gpx,6,8,2011-04-17T22:30:35+00:00,317.79998779296875,*hr*,44.956921795383096,-93.96508066914976
2011-04-17_running.gpx,6,9,2011-04-17T22:30:40+00:00,318.79998779296875,*hr*,44.956925734877586,-93.96487799473107
2011-04-17_running.gpx,6,10,2011-04-17T22:30:41+00:00,318.79998779296875,*hr*,44.95692506432533,-93.96484354510903
2011-04-17_running.gpx,6,11,2011-04-17T22:30:48+00:00,318.3999938964844,*hr*,44.95693855918944,-93.96458739414811
2011-04-17_running.gpx,6,12,2011-04-17T22:30:53+00:00,318.79998779296875,*hr*,44.956928668543696,-93.96438036113977
2011-04-17_running.gpx,6,13,2011-04-17T22:30:58+00:00,319.79998779296875,*hr*,44.95694895274937,-93.96416964009404
2011-04-17_running.gpx,6,14,2011-04-17T22:31:02+00:00,321.20001220703125,*hr*,44.956971080973744,-93.96399454213679
2011-04-17_running.gpx,6,15,2011-04-17T22:31:09+00:00,323.6000061035156,*hr*,44.9569751881063,-93.96371165290475
2011-04-17_running.gpx,6,16,2011-04-17T22:31:15+00:00,324.6000061035156,*hr*,44.95695783756673,-93.96347125992179
2011-04-17_running.gpx,6,17,2011-04-17T22:31:21+00:00,322.6000061035156,*hr*,44.956952473148704,-93.96326565183699
2011-04-17_running.gpx,6,18,2011-04-17T22:31:26+00:00,324.6000061035156,*hr*,44.9569492880255,-93.96305685862899
2011-04-17_running.gpx,6,19,2011-04-17T22:31:32+00:00,324.20001220703125,*hr*,44.95691358111799,-93.96280598826706
2011-04-17_running.gpx,6,20,2011-04-17T22:31:36+00:00,322.6000061035156,*hr*,44.95691215619445,-93.96265964023769
2011-04-17_running.gpx,6,21,2011-04-17T22:31:41+00:00,322.20001220703125,*hr*,44.9569059535861,-93.96246266551316
2011-04-17_running.gpx,6,22,2011-04-17T22:31:45+00:00,322.6000061035156,*hr*,44.956921292468905,-93.96229485981166
2011-04-17_running.gpx,6,23,2011-04-17T22:31:50+00:00,323.6000061035156,*hr*,44.95692925527692,-93.9621009863913
2011-04-17_running.gpx,6,24,2011-04-17T22:31:55+00:00,323.6000061035156,*hr*,44.95694015175104,-93.96191029809415
2011-04-17_running.gpx,6,25,2011-04-17T22:32:00+00:00,322.20001220703125,*hr*,44.956929590553045,-93.96172455511987
2011-04-17_running.gpx,6,26,2011-04-17T22:32:05+00:00,322.6000061035156,*hr*,44.95691659860313,-93.96151006221771
2011-04-17_running.gpx,6,27,2011-04-17T22:32:11+00:00,322.20001220703125,*hr*,44.95691089890897,-93.96128945052624
2011-04-17_running.gpx,6,28,2011-04-17T22:32:18+00:00,319.79998779296875,*hr*,44.95691844262183,-93.96099893376231
2011-04-17_running.gpx,6,29,2011-04-17T22:32:23+00:00,317.79998779296875,*hr*,44.95691425167024,-93.96077773533762
2011-04-17_running.gpx,6,30,2011-04-17T22:32:29+00:00,316.3999938964844,*hr*,44.95690888725221,-93.96052996627986
2011-04-17_running.gpx,6,31,2011-04-17T22:32:34+00:00,315.0,*hr*,44.95689354836941,-93.96032896824181
2011-04-17_running.gpx,6,32,2011-04-17T22:32:38+00:00,314.0,*hr*,44.95688818395138,-93.960170885548
2011-04-17_running.gpx,6,33,2011-04-17T22:32:43+00:00,311.20001220703125,*hr*,44.9568697437644,-93.95995245315135
2011-04-17_running.gpx,6,34,2011-04-17T22:32:48+00:00,310.20001220703125,*hr*,44.9568731803447,-93.95974734798074
2011-04-17_running.gpx,6,35,2011-04-17T22:32:54+00:00,309.20001220703125,*hr*,44.956879299134016,-93.95951005630195
2011-04-17_running.gpx,6,36,2011-04-17T22:32:59+00:00,309.20001220703125,*hr*,44.956884160637856,-93.959317272529
2011-04-17_running.gpx,6,37,2011-04-17T22:33:03+00:00,309.6000061035156,*hr*,44.956868486478925,-93.95916648209095
2011-04-17_running.gpx,6,38,2011-04-17T22:33:09+00:00,309.6000061035156,*hr*,44.9568800535053,-93.95891175605357
2011-04-17_running.gpx,6,39,2011-04-17T22:33:14+00:00,309.20001220703125,*hr*,44.9568612780422,-93.95872073248029
2011-04-17_running.gpx,6,40,2011-04-17T22:33:18+00:00,309.20001220703125,*hr*,44.956857757642865,-93.95856105722487
2011-04-17_running.gpx,6,41,2011-04-17T22:33:25+00:00,309.20001220703125,*hr*,44.95686488226056,-93.95829409360886
2011-04-17_running.gpx,6,42,2011-04-17T22:33:31+00:00,308.79998779296875,*hr*,44.956866055727005,-93.95805705338717
2011-04-17_running.gpx,6,43,2011-04-17T22:33:36+00:00,309.6000061035156,*hr*,44.95684686116874,-93.95786426961422
2011-04-17_running.gpx,6,44,2011-04-17T22:33:41+00:00,311.20001220703125,*hr*,44.956824984401464,-93.95766008645296
2011-04-17_running.gpx,6,45,2011-04-17T22:33:46+00:00,312.6000061035156,*hr*,44.95683847926557,-93.95744433626533
2011-04-17_running.gpx,6,46,2011-04-17T22:33:49+00:00,313.0,*hr*,44.956841161474586,-93.957324558869
2011-04-17_running.gpx,6,47,2011-04-17T22:33:55+00:00,310.20001220703125,*hr*,44.95683345012367,-93.95709958858788
2011-04-17_running.gpx,6,48,2011-04-17T22:34:02+00:00,308.79998779296875,*hr*,44.95681165717542,-93.9567758794874
2011-04-17_running.gpx,6,49,2011-04-17T22:34:08+00:00,306.79998779296875,*hr*,44.956803945824504,-93.95652836188674
2011-04-17_running.gpx,6,50,2011-04-17T22:34:14+00:00,305.3999938964844,*hr*,44.956796653568745,-93.95628134720027
2011-04-17_running.gpx,6,51,2011-04-17T22:34:20+00:00,304.3999938964844,*hr*,44.956798162311316,-93.95604983903468
2011-04-17_running.gpx,6,52,2011-04-17T22:34:26+00:00,303.3999938964844,*hr*,44.9568060413003,-93.95582118071616
2011-04-17_running.gpx,6,53,2011-04-17T22:34:34+00:00,303.3999938964844,*hr*,44.95679556392133,-93.95551758818328
2011-04-17_running.gpx,6,54,2011-04-17T22:34:40+00:00,304.0,*hr*,44.95679883286357,-93.95529177971184
2011-04-17_running.gpx,6,55,2011-04-17T22:34:45+00:00,304.0,*hr*,44.95680185034871,-93.95509673282504
2011-04-17_running.gpx,6,56,2011-04-17T22:34:52+00:00,304.0,*hr*,44.95680126361549,-93.95482239313424
2011-04-17_running.gpx,6,57,2011-04-17T22:34:59+00:00,304.0,*hr*,44.95680084452033,-93.9545550942421
2011-04-17_running.gpx,6,58,2011-04-17T22:35:05+00:00,303.3999938964844,*hr*,44.95679237879813,-93.95432475954294
2011-04-17_running.gpx,6,59,2011-04-17T22:35:10+00:00,302.3999938964844,*hr*,44.95679103769362,-93.95414027385414
2011-04-17_running.gpx,6,60,2011-04-17T22:35:14+00:00,301.6000061035156,*hr*,44.95678366161883,-93.95400113426149
2011-04-17_running.gpx,6,61,2011-04-17T22:35:20+00:00,300.6000061035156,*hr*,44.95676253922284,-93.95376627333462
2011-04-17_running.gpx,6,62,2011-04-17T22:35:26+00:00,299.6000061035156,*hr*,44.956749295815825,-93.95353677682579
2011-04-17_running.gpx,6,63,2011-04-17T22:35:32+00:00,299.6000061035156,*hr*,44.956746865063906,-93.95330887287855
2011-04-17_running.gpx,6,64,2011-04-17T22:35:38+00:00,299.20001220703125,*hr*,44.9567402433604,-93.9530867524445
2011-04-17_running.gpx,6,65,2011-04-17T22:35:44+00:00,299.20001220703125,*hr*,44.9567299336195,-93.95287334918976
2011-04-17_running.gpx,6,66,2011-04-17T22:35:50+00:00,298.6000061035156,*hr*,44.95672515593469,-93.95264888182282
2011-04-17_running.gpx,6,67,2011-04-17T22:35:56+00:00,301.6000061035156,*hr*,44.95675574988127,-93.95242039114237
2011-04-17_running.gpx,6,68,2011-04-17T22:36:02+00:00,301.6000061035156,*hr*,44.95676027610898,-93.95219475030899
2011-04-17_running.gpx,6,69,2011-04-17T22:36:07+00:00,302.3999938964844,*hr*,44.95675239712,-93.95200389437377
2011-04-17_running.gpx,6,70,2011-04-17T22:36:14+00:00,302.0,*hr*,44.95675239712,-93.95173969678581
2011-04-17_running.gpx,6,71,2011-04-17T22:36:21+00:00,301.6000061035156,*hr*,44.95674359612167,-93.95147264935076
2011-04-17_running.gpx,6,72,2011-04-17T22:36:28+00:00,302.0,*hr*,44.956736639142036,-93.95121616311371
2011-04-17_running.gpx,6,73,2011-04-17T22:36:35+00:00,302.0,*hr*,44.956728257238865,-93.9509613532573
2011-04-17_running.gpx,6,74,2011-04-17T22:36:42+00:00,303.0,*hr*,44.95673144236207,-93.9506801404059
2011-04-17_running.gpx,6,75,2011-04-17T22:36:49+00:00,303.3999938964844,*hr*,44.95672364719212,-93.95039884373546
2011-04-17_running.gpx,6,76,2011-04-17T22:36:56+00:00,304.3999938964844,*hr*,44.95673186145723,-93.95013875328004
2011-04-17_running.gpx,6,77,2011-04-17T22:37:03+00:00,305.3999938964844,*hr*,44.95673135854304,-93.9498730469495
2011-04-17_running.gpx,6,78,2011-04-17T22:37:11+00:00,306.79998779296875,*hr*,44.95672347955406,-93.9495780877769
2011-04-17_running.gpx,6,79,2011-04-17T22:37:18+00:00,307.20001220703125,*hr*,44.95672356337309,-93.94931824877858
2011-04-17_running.gpx,6,80,2011-04-17T22:37:23+00:00,306.79998779296875,*hr*,44.956713588908315,-93.94911708310246
2011-04-17_running.gpx,6,81,2011-04-17T22:37:30+00:00,307.20001220703125,*hr*,44.95672599412501,-93.94885053858161
2011-04-17_running.gpx,6,82,2011-04-17T22:37:37+00:00,307.79998779296875,*hr*,44.95673546567559,-93.94859078340232
2011-04-17_running.gpx,6,83,2011-04-17T22:37:42+00:00,308.20001220703125,*hr*,44.95671694166958,-93.94841845147312
2011-04-17_running.gpx,6,84,2011-04-17T22:37:47+00:00,308.20001220703125,*hr*,44.956650640815496,-93.9482413418591
2011-04-17_running.gpx,6,85,2011-04-17T22:37:51+00:00,308.79998779296875,*hr*,44.9566194601357,-93.94808745011687
2011-04-17_running.gpx,6,86,2011-04-17T22:37:55+00:00,307.79998779296875,*hr*,44.956608060747385,-93.9479220751673
2011-04-17_running.gpx,6,87,2011-04-17T22:37:59+00:00,306.79998779296875,*hr*,44.95662834495306,-93.94778075627983
2011-04-17_running.gpx,6,88,2011-04-17T22:38:05+00:00,305.79998779296875,*hr*,44.95664016343653,-93.94756827503443
2011-04-17_running.gpx,6,89,2011-04-17T22:38:10+00:00,304.3999938964844,*hr*,44.956618286669254,-93.94741689786315
2011-04-17_running.gpx,6,90,2011-04-17T22:38:15+00:00,303.3999938964844,*hr*,44.95659984648228,-93.94722688011825
2011-04-17_running.gpx,6,91,2011-04-17T22:38:17+00:00,303.3999938964844,*hr*,44.9565882794559,-93.94714834168553
2011-04-17_running.gpx,6,92,2011-04-17T22:38:24+00:00,304.0,*hr*,44.956607557833195,-93.94687693566084
2011-04-17_running.gpx,6,93,2011-04-17T22:38:30+00:00,305.79998779296875,*hr*,44.9566054623574,-93.94662874750793
2011-04-17_running.gpx,6,94,2011-04-17T22:38:36+00:00,307.79998779296875,*hr*,44.956640750169754,-93.94638416357338
2011-04-17_running.gpx,6,95,2011-04-17T22:38:39+00:00,308.20001220703125,*hr*,44.95663865469396,-93.9462729357183
2011-04-17_running.gpx,7,0,2011-04-17T22:38:41+00:00,309.20001220703125,*hr*,44.956644270569086,-93.94619666039944
2011-04-17_running.gpx,7,1,2011-04-17T22:38:46+00:00,309.6000061035156,*hr*,44.95663907378912,-93.94602835178375
2011-04-17_running.gpx,7,2,2011-04-17T22:38:50+00:00,310.6000061035156,*hr*,44.956650137901306,-93.94597965292633
2011-04-17_running.gpx,7,3,2011-04-17T22:38:54+00:00,309.6000061035156,*hr*,44.95668936520815,-93.9459515735507
2011-04-17_running.gpx,7,4,2011-04-17T22:39:02+00:00,313.6000061035156,*hr*,44.95674694888294,-93.94568687304854
2011-04-17_running.gpx,7,5,2011-04-17T22:39:07+00:00,315.0,*hr*,44.95675818063319,-93.94551143981516
2011-04-17_running.gpx,7,6,2011-04-17T22:39:14+00:00,316.0,*hr*,44.95675298385322,-93.94526249729097
2011-04-17_running.gpx,7,7,2011-04-17T22:39:20+00:00,316.0,*hr*,44.956762958317995,-93.94504884257913
2011-04-17_running.gpx,7,8,2011-04-17T22:39:25+00:00,314.0,*hr*,44.95675717480481,-93.9448719844222
2011-04-17_running.gpx,7,9,2011-04-17T22:39:34+00:00,314.0,*hr*,44.956763461232185,-93.94455716013908
2011-04-17_running.gpx,7,10,2011-04-17T22:39:39+00:00,313.6000061035156,*hr*,44.95676136575639,-93.94438826479018
2011-04-17_running.gpx,7,11,2011-04-17T22:39:44+00:00,312.6000061035156,*hr*,44.95675256475806,-93.94421869888902
2011-04-17_running.gpx,7,12,2011-04-17T22:39:50+00:00,311.6000061035156,*hr*,44.956737561151385,-93.9439971651882
2011-04-17_running.gpx,7,13,2011-04-17T22:39:56+00:00,311.6000061035156,*hr*,44.956738064065576,-93.94377588294446
2011-04-17_running.gpx,7,14,2011-04-17T22:40:00+00:00,311.20001220703125,*hr*,44.956712163984776,-93.94362919963896
2011-04-17_running.gpx,7,15,2011-04-17T22:40:05+00:00,309.20001220703125,*hr*,44.95670763775706,-93.94346826709807
2011-04-17_running.gpx,7,16,2011-04-17T22:40:11+00:00,308.79998779296875,*hr*,44.95669246651232,-93.94327196292579
2011-04-17_running.gpx,7,17,2011-04-17T22:40:12+00:00,308.79998779296875,*hr*,44.95668936520815,-93.94323508255184
2011-04-17_running.gpx,7,18,2011-04-17T22:40:19+00:00,307.79998779296875,*hr*,44.95667754672468,-93.942950097844
2011-04-17_running.gpx,7,19,2011-04-17T22:40:25+00:00,307.79998779296875,*hr*,44.95668584480882,-93.9427259657532
2011-04-17_running.gpx,7,20,2011-04-17T22:40:31+00:00,307.79998779296875,*hr*,44.95668995194137,-93.94248473457992
2011-04-17_running.gpx,7,21,2011-04-17T22:40:39+00:00,308.79998779296875,*hr*,44.956684755161405,-93.94219505600631
2011-04-17_running.gpx,7,22,2011-04-17T22:40:44+00:00,311.20001220703125,*hr*,44.95670763775706,-93.94201895222068
2011-04-17_running.gpx,7,23,2011-04-17T22:40:50+00:00,312.6000061035156,*hr*,44.956737058237195,-93.94177679903805
2011-04-17_running.gpx,7,24,2011-04-17T22:40:57+00:00,310.6000061035156,*hr*,44.95670805685222,-93.94152844324708
2011-04-17_running.gpx,7,25,2011-04-17T22:41:04+00:00,311.6000061035156,*hr*,44.956718450412154,-93.94123625010252
2011-04-17_running.gpx,7,26,2011-04-17T22:41:10+00:00,310.20001220703125,*hr*,44.95672758668661,-93.94102024845779
2011-04-17_running.gpx,7,27,2011-04-17T22:41:16+00:00,309.6000061035156,*hr*,44.95671526528895,-93.94080265425146
2011-04-17_running.gpx,7,28,2011-04-17T22:41:21+00:00,308.20001220703125,*hr*,44.95671048760414,-93.94060475751758
2011-04-17_running.gpx,7,29,2011-04-17T22:41:27+00:00,307.79998779296875,*hr*,44.95671534910798,-93.94037048332393
2011-04-17_running.gpx,7,30,2011-04-17T22:41:30+00:00,307.20001220703125,*hr*,44.95670696720481,-93.94026294350624
2011-04-17_running.gpx,7,31,2011-04-17T22:41:36+00:00,306.79998779296875,*hr*,44.95668936520815,-93.9399993326515
2011-04-17_running.gpx,7,32,2011-04-17T22:41:43+00:00,305.79998779296875,*hr*,44.95667955838144,-93.93972675316036
2011-04-17_running.gpx,7,33,2011-04-17T22:41:47+00:00,305.3999938964844,*hr*,44.95667343959212,-93.93958635628223
2011-04-17_running.gpx,7,34,2011-04-17T22:41:52+00:00,305.79998779296875,*hr*,44.956667236983776,-93.9394001942128
2011-04-17_running.gpx,7,35,2011-04-17T22:41:55+00:00,304.3999938964844,*hr*,44.95667276903987,-93.93928494304419
2011-04-17_running.gpx,7,36,2011-04-17T22:42:01+00:00,303.3999938964844,*hr*,44.95666698552668,-93.9390473999083
2011-04-17_running.gpx,7,37,2011-04-17T22:42:07+00:00,302.3999938964844,*hr*,44.9566606990993,-93.93882544711232
2011-04-17_running.gpx,7,38,2011-04-17T22:42:13+00:00,303.0,*hr*,44.95665365830064,-93.93860198557377
2011-04-17_running.gpx,7,39,2011-04-17T22:42:18+00:00,303.0,*hr*,44.956643683835864,-93.9384141471237
2011-04-17_running.gpx,7,40,2011-04-17T22:42:23+00:00,303.0,*hr*,44.9566453602165,-93.93823108635843
2011-04-17_running.gpx,7,41,2011-04-17T22:42:28+00:00,304.0,*hr*,44.95666857808828,-93.93804433755577
2011-04-17_running.gpx,7,42,2011-04-17T22:42:35+00:00,304.79998779296875,*hr*,44.95665994472802,-93.93779036588967
2011-04-17_running.gpx,7,43,2011-04-17T22:42:40+00:00,307.20001220703125,*hr*,44.95665969327092,-93.9375969953835
2011-04-17_running.gpx,7,44,2011-04-17T22:42:45+00:00,309.6000061035156,*hr*,44.95664636604488,-93.93742105923593
2011-04-17_running.gpx,7,45,2011-04-17T22:42:50+00:00,310.6000061035156,*hr*,44.956651562824845,-93.93724705092609
2011-04-17_running.gpx,7,46,2011-04-17T22:42:55+00:00,309.6000061035156,*hr*,44.95665684342384,-93.93707354553044
2011-04-17_running.gpx,7,47,2011-04-17T22:43:00+00:00,309.6000061035156,*hr*,44.95663957670331,-93.93689149059355
2011-04-17_running.gpx,7,48,2011-04-17T22:43:06+00:00,310.6000061035156,*hr*,44.956674948334694,-93.9366542827338
2011-04-17_running.gpx,7,49,2011-04-17T22:43:13+00:00,308.79998779296875,*hr*,44.95665818452835,-93.93639695830643
2011-04-17_running.gpx,7,50,2011-04-17T22:43:19+00:00,307.79998779296875,*hr*,44.95664343237877,-93.93616955727339
2011-04-17_running.gpx,7,51,2011-04-17T22:43:24+00:00,307.20001220703125,*hr*,44.956633960828185,-93.93598138354719
2011-04-17_running.gpx,7,52,2011-04-17T22:43:30+00:00,307.20001220703125,*hr*,44.95661325752735,-93.93576638773084
2011-04-17_running.gpx,7,53,2011-04-17T22:43:37+00:00,306.79998779296875,*hr*,44.956615855917335,-93.93550034612417
2011-04-17_running.gpx,7,54,2011-04-17T22:43:43+00:00,306.79998779296875,*hr*,44.95663815177977,-93.93527453765273
2011-04-17_running.gpx,7,55,2011-04-17T22:43:49+00:00,307.20001220703125,*hr*,44.95663815177977,-93.93505794927478
2011-04-17_running.gpx,7,56,2011-04-17T22:43:53+00:00,307.79998779296875,*hr*,44.956623651087284,-93.93491495400667
2011-04-17_running.gpx,7,57,2011-04-17T22:43:59+00:00,307.79998779296875,*hr*,44.95662113651633,-93.9346906542778
2011-04-17_running.gpx,7,58,2011-04-17T22:44:04+00:00,308.20001220703125,*hr*,44.95662926696241,-93.93450004979968
2011-04-17_running.gpx,7,59,2011-04-17T22:44:09+00:00,308.79998779296875,*hr*,44.9566244892776,-93.93429947085679
2011-04-17_running.gpx,7,60,2011-04-17T22:44:14+00:00,308.20001220703125,*hr*,44.956609066575766,-93.93412034958601
2011-04-17_running.gpx,7,61,2011-04-17T22:44:18+00:00,308.20001220703125,*hr*,44.95661015622318,-93.93397266045213
2011-04-17_running.gpx,7,62,2011-04-17T22:44:23+00:00,307.79998779296875,*hr*,44.956609988585114,-93.93378566019237
2011-04-17_running.gpx,7,63,2011-04-17T22:44:26+00:00,307.79998779296875,*hr*,44.95661954395473,-93.93367233686149
2011-04-17_running.gpx,7,64,2011-04-17T22:44:33+00:00,310.20001220703125,*hr*,44.95663815177977,-93.93340528942645
2011-04-17_running.gpx,7,65,2011-04-17T22:44:38+00:00,311.6000061035156,*hr*,44.95663035660982,-93.93322155810893
2011-04-17_running.gpx,7,66,2011-04-17T22:44:43+00:00,311.20001220703125,*hr*,44.95663278736174,-93.93303229473531
2011-04-17_running.gpx,7,67,2011-04-17T22:44:49+00:00,312.0,*hr*,44.956641253083944,-93.9328086655587
2011-04-17_running.gpx,7,68,2011-04-17T22:44:54+00:00,311.6000061035156,*hr*,44.95664988644421,-93.93260875716805
2011-04-17_running.gpx,7,69,2011-04-17T22:45:01+00:00,312.0,*hr*,44.95664385147393,-93.93234363757074
2011-04-17_running.gpx,7,70,2011-04-17T22:45:07+00:00,312.6000061035156,*hr*,44.95663915760815,-93.93208614550531
2011-04-17_running.gpx,7,71,2011-04-17T22:45:13+00:00,312.0,*hr*,44.95663764886558,-93.93186075612903
2011-04-17_running.gpx,7,72,2011-04-17T22:45:20+00:00,311.6000061035156,*hr*,44.956624154001474,-93.9315982349217
2011-04-17_running.gpx,7,73,2011-04-17T22:45:26+00:00,310.6000061035156,*hr*,44.956618370488286,-93.93139095045626
2011-04-17_running.gpx,7,74,2011-04-17T22:45:31+00:00,310.6000061035156,*hr*,44.95662457309663,-93.93120009452105
2011-04-17_running.gpx,7,75,2011-04-17T22:45:37+00:00,311.6000061035156,*hr*,44.956623651087284,-93.9309724420309
2011-04-17_running.gpx,7,76,2011-04-17T22:45:43+00:00,311.20001220703125,*hr*,44.95659154839814,-93.9307448733598
2011-04-17_running.gpx,7,77,2011-04-17T22:45:49+00:00,308.79998779296875,*hr*,44.956565564498305,-93.9305064920336
2011-04-17_running.gpx,7,78,2011-04-17T22:45:55+00:00,309.20001220703125,*hr*,44.956582160666585,-93.93025696277618
2011-04-17_running.gpx,7,79,2011-04-17T22:46:00+00:00,310.6000061035156,*hr*,44.95658677071333,-93.9300746563822
2011-04-17_running.gpx,7,80,2011-04-17T22:46:04+00:00,311.20001220703125,*hr*,44.95660487562418,-93.92993283458054
2011-04-17_running.gpx,7,81,2011-04-17T22:46:09+00:00,312.0,*hr*,44.956590458750725,-93.92976058647037
2011-04-17_running.gpx,7,82,2011-04-17T22:46:13+00:00,313.0,*hr*,44.956577299162745,-93.92963896505535
2011-04-17_running.gpx,7,83,2011-04-17T22:46:14+00:00,313.6000061035156,*hr*,44.956573862582445,-93.9295997377485
2011-04-17_running.gpx,7,84,2011-04-17T22:46:20+00:00,314.0,*hr*,44.9565795622766,-93.9293581712991
2011-04-17_running.gpx,7,85,2011-04-17T22:46:25+00:00,314.0,*hr*,44.956580651924014,-93.92917075194418
2011-04-17_running.gpx,7,86,2011-04-17T22:46:31+00:00,315.3999938964844,*hr*,44.95659456588328,-93.92893195152283
2011-04-17_running.gpx,7,87,2011-04-17T22:46:37+00:00,316.0,*hr*,44.95659749954939,-93.92870287410915
2011-04-17_running.gpx,7,88,2011-04-17T22:46:41+00:00,315.3999938964844,*hr*,44.95659129694104,-93.9285536762327
2011-04-17_running.gpx,7,89,2011-04-17T22:46:45+00:00,314.3999938964844,*hr*,44.95657905936241,-93.92840045504272
2011-04-17_running.gpx,7,90,2011-04-17T22:46:47+00:00,313.6000061035156,*hr*,44.95657419785857,-93.92832526937127
2011-04-17_running.gpx,7,91,2011-04-17T22:46:53+00:00,313.6000061035156,*hr*,44.95658056810498,-93.92809996381402
2011-04-17_running.gpx,7,92,2011-04-17T22:46:59+00:00,313.0,*hr*,44.95657444931567,-93.92787809483707
2011-04-17_running.gpx,7,93,2011-04-17T22:47:06+00:00,310.6000061035156,*hr*,44.95657553896308,-93.92762135714293
2011-04-17_running.gpx,7,94,2011-04-17T22:47:11+00:00,310.20001220703125,*hr*,44.956563636660576,-93.92744776792824
2011-04-17_running.gpx,7,95,2011-04-17T22:47:15+00:00,309.6000061035156,*hr*,44.95655056089163,-93.92728876322508
2011-04-17_running.gpx,7,96,2011-04-17T22:47:20+00:00,308.79998779296875,*hr*,44.95654469355941,-93.92710184678435
2011-04-17_running.gpx,7,97,2011-04-17T22:47:25+00:00,309.20001220703125,*hr*,44.95654628612101,-93.926913253963
2011-04-17_running.gpx,7,98,2011-04-17T22:47:28+00:00,309.6000061035156,*hr*,44.956556763499975,-93.92680127173662
2011-04-17_running.gpx,7,99,2011-04-17T22:47:35+00:00,309.6000061035156,*hr*,44.95656288228929,-93.92652994953096
2011-04-17_running.gpx,7,100,2011-04-17T22:47:41+00:00,308.20001220703125,*hr*,44.95655349455774,-93.92630925402045
2011-04-17_running.gpx,7,101,2011-04-17T22:47:47+00:00,306.3999938964844,*hr*,44.956531282514334,-93.92608243972063
2011-04-17_running.gpx,7,102,2011-04-17T22:47:50+00:00,305.3999938964844,*hr*,44.9565208889544,-93.92595503479242
2011-04-17_running.gpx,8,0,2011-04-17T22:47:54+00:00,304.0,*hr*,44.95651116594672,-93.92579779028893
2011-04-17_running.gpx,8,1,2011-04-17T22:48:00+00:00,302.3999938964844,*hr*,44.95650043711066,-93.92555806785822
2011-04-17_running.gpx,8,2,2011-04-17T22:48:06+00:00,304.0,*hr*,44.956512842327356,-93.92534097656608
2011-04-17_running.gpx,8,3,2011-04-17T22:48:12+00:00,304.0,*hr*,44.9565087351948,-93.9251084625721
2011-04-17_running.gpx,8,4,2011-04-17T22:48:17+00:00,302.3999938964844,*hr*,44.95650135912001,-93.92491693608463
2011-04-17_running.gpx,8,5,2011-04-17T22:48:22+00:00,302.3999938964844,*hr*,44.95650965720415,-93.9247247390449
2011-04-17_running.gpx,8,6,2011-04-17T22:48:28+00:00,302.3999938964844,*hr*,44.95652466081083,-93.92449105158448
2011-04-17_running.gpx,8,7,2011-04-17T22:48:34+00:00,302.3999938964844,*hr*,44.956528432667255,-93.9242796599865
2011-04-17_running.gpx,8,8,2011-04-17T22:48:40+00:00,303.0,*hr*,44.95651435106993,-93.92407665029168
2011-04-17_running.gpx,8,9,2011-04-17T22:48:44+00:00,302.0,*hr*,44.95650236494839,-93.92394606024027
2011-04-17_running.gpx,8,10,2011-04-17T22:48:49+00:00,303.0,*hr*,44.95651435106993,-93.92376769334078
2011-04-17_running.gpx,8,11,2011-04-17T22:48:54+00:00,302.3999938964844,*hr*,44.95652608573437,-93.92359645105898
2011-04-17_running.gpx,8,12,2011-04-17T22:49:00+00:00,304.79998779296875,*hr*,44.95656145736575,-93.92335245385766
2011-04-17_running.gpx,8,13,2011-04-17T22:49:07+00:00,304.79998779296875,*hr*,44.956577969715,-93.92307383939624
2011-04-17_running.gpx,8,14,2011-04-17T22:49:12+00:00,305.3999938964844,*hr*,44.956583250314,-93.92288465984166
2011-04-17_running.gpx,8,15,2011-04-17T22:49:20+00:00,305.79998779296875,*hr*,44.95658425614238,-93.9226009324193
2011-04-17_running.gpx,8,16,2011-04-17T22:49:25+00:00,304.3999938964844,*hr*,44.956588447093964,-93.92241703346372
2011-04-17_running.gpx,8,17,2011-04-17T22:49:31+00:00,303.3999938964844,*hr*,44.9565882794559,-93.92219147644937
2011-04-17_running.gpx,8,18,2011-04-17T22:49:36+00:00,304.0,*hr*,44.95660646818578,-93.92199366353452
2011-04-17_running.gpx,8,19,2011-04-17T22:49:41+00:00,304.3999938964844,*hr*,44.95661065913737,-93.9217948447913
2011-04-17_running.gpx,8,20,2011-04-17T22:49:46+00:00,304.3999938964844,*hr*,44.95661845430732,-93.92159996554255
2011-04-17_running.gpx,8,21,2011-04-17T22:49:51+00:00,304.0,*hr*,44.95663069188595,-93.92141246236861
2011-04-17_running.gpx,8,22,2011-04-17T22:49:58+00:00,303.0,*hr*,44.956649634987116,-93.92116125673056
2011-04-17_running.gpx,8,23,2011-04-17T22:50:05+00:00,304.79998779296875,*hr*,44.95667084120214,-93.92087769694626
2011-04-17_running.gpx,8,24,2011-04-17T22:50:11+00:00,305.79998779296875,*hr*,44.95667394250631,-93.92064845189452
2011-04-17_running.gpx,8,25,2011-04-17T22:50:17+00:00,307.20001220703125,*hr*,44.95668098330498,-93.9204213861376
2011-04-17_running.gpx,8,26,2011-04-17T22:50:23+00:00,309.6000061035156,*hr*,44.95670126751065,-93.92019717022777
2011-04-17_running.gpx,8,27,2011-04-17T22:50:28+00:00,310.20001220703125,*hr*,44.95670344680548,-93.92000597901642
2011-04-17_running.gpx,8,28,2011-04-17T22:50:34+00:00,308.79998779296875,*hr*,44.95671819895506,-93.91978109255433
2011-04-17_running.gpx,8,29,2011-04-17T22:50:40+00:00,306.3999938964844,*hr*,44.95672699995339,-93.91955553553998
2011-04-17_running.gpx,8,30,2011-04-17T22:50:46+00:00,304.3999938964844,*hr*,44.95672557502985,-93.91929167322814
2011-04-17_running.gpx,8,31,2011-04-17T22:50:51+00:00,304.3999938964844,*hr*,44.95675206184387,-93.91907944343984
2011-04-17_running.gpx,8,32,2011-04-17T22:50:58+00:00,305.3999938964844,*hr*,44.95676849037409,-93.91881315037608
2011-04-17_running.gpx,8,33,2011-04-17T22:51:03+00:00,306.3999938964844,*hr*,44.95677385479212,-93.91862296499312
2011-04-17_running.gpx,8,34,2011-04-17T22:51:10+00:00,305.79998779296875,*hr*,44.95679824613035,-93.91836513765156
2011-04-17_running.gpx,8,35,2011-04-17T22:51:18+00:00,306.3999938964844,*hr*,44.95681945234537,-93.918067663908
2011-04-17_running.gpx,8,36,2011-04-17T22:51:24+00:00,307.20001220703125,*hr*,44.95683345012367,-93.91783766448498
2011-04-17_running.gpx,8,37,2011-04-17T22:51:31+00:00,306.79998779296875,*hr*,44.956814758479595,-93.91759098507464
2011-04-17_running.gpx,8,38,2011-04-17T22:51:37+00:00,311.20001220703125,*hr*,44.956832360476255,-93.91737129539251
2011-04-17_running.gpx,8,39,2011-04-17T22:51:43+00:00,313.0,*hr*,44.956858679652214,-93.91714875586331
2011-04-17_running.gpx,8,40,2011-04-17T22:51:48+00:00,311.20001220703125,*hr*,44.956850884482265,-93.91695848666131
2011-04-17_running.gpx,8,41,2011-04-17T22:51:54+00:00,310.20001220703125,*hr*,44.95685063302517,-93.91671993769705
2011-04-17_running.gpx,8,42,2011-04-17T22:51:59+00:00,310.20001220703125,*hr*,44.95686328969896,-93.91653344035149
2011-04-17_running.gpx,8,43,2011-04-17T22:52:05+00:00,307.79998779296875,*hr*,44.95685767382383,-93.91630478203297
2011-04-17_running.gpx,8,44,2011-04-17T22:52:10+00:00,306.3999938964844,*hr*,44.95687376707792,-93.91613454557955
2011-04-17_running.gpx,8,45,2011-04-17T22:52:15+00:00,306.79998779296875,*hr*,44.95691416785121,-93.91595525667071
2011-04-17_running.gpx,8,46,2011-04-17T22:52:21+00:00,306.79998779296875,*hr*,44.9569302611053,-93.91572433523834
2011-04-17_running.gpx,8,47,2011-04-17T22:52:26+00:00,309.6000061035156,*hr*,44.95696605183184,-93.91552953980863
2011-04-17_running.gpx,8,48,2011-04-17T22:52:31+00:00,313.6000061035156,*hr*,44.95701726526022,-93.9153341576457
2011-04-17_running.gpx,8,49,2011-04-17T22:52:38+00:00,316.3999938964844,*hr*,44.957021959125996,-93.91508555039763
2011-04-17_running.gpx,8,50,2011-04-17T22:52:43+00:00,316.79998779296875,*hr*,44.95701449923217,-93.91490039415658
2011-04-17_running.gpx,8,51,2011-04-17T22:52:47+00:00,314.3999938964844,*hr*,44.95702656917274,-93.91475119628012
2011-04-17_running.gpx,8,52,2011-04-17T22:52:53+00:00,312.6000061035156,*hr*,44.95703285560012,-93.91452404670417
2011-04-17_running.gpx,8,53,2011-04-17T22:52:58+00:00,311.20001220703125,*hr*,44.95703838765621,-93.9143430814147
2011-04-17_running.gpx,8,54,2011-04-17T22:53:04+00:00,311.20001220703125,*hr*,44.95704526081681,-93.91410067677498
2011-04-17_running.gpx,8,55,2011-04-17T22:53:10+00:00,310.20001220703125,*hr*,44.957032687962055,-93.9138649776578
2011-04-17_running.gpx,8,56,2011-04-17T22:53:15+00:00,309.20001220703125,*hr*,44.957021875306964,-93.91367294825613
2011-04-17_running.gpx,8,57,2011-04-17T22:53:21+00:00,306.79998779296875,*hr*,44.95701349340379,-93.91346516087651
2011-04-17_running.gpx,8,58,2011-04-17T22:53:26+00:00,305.79998779296875,*hr*,44.95701223611832,-93.91329383477569
2011-04-17_running.gpx,8,59,2011-04-17T22:53:32+00:00,306.3999938964844,*hr*,44.957033190876245,-93.91308185644448
2011-04-17_running.gpx,8,60,2011-04-17T22:53:36+00:00,307.20001220703125,*hr*,44.95703964494169,-93.91293869353831
2011-04-17_running.gpx,8,61,2011-04-17T22:53:43+00:00,310.6000061035156,*hr*,44.957050289958715,-93.91266904771328
2011-04-17_running.gpx,8,62,2011-04-17T22:53:49+00:00,309.6000061035156,*hr*,44.957056073471904,-93.91244357451797
2011-04-17_running.gpx,8,63,2011-04-17T22:53:53+00:00,309.20001220703125,*hr*,44.95705146342516,-93.91229253262281
2011-04-17_running.gpx,8,64,2011-04-17T22:53:59+00:00,307.20001220703125,*hr*,44.95705925859511,-93.91207376495004
2011-04-17_running.gpx,8,65,2011-04-17T22:54:04+00:00,307.20001220703125,*hr*,44.95707543566823,-93.91187938861549
2011-04-17_running.gpx,8,66,2011-04-17T22:54:10+00:00,307.20001220703125,*hr*,44.95709303766489,-93.91164586879313
2011-04-17_running.gpx,8,67,2011-04-17T22:54:17+00:00,307.20001220703125,*hr*,44.95709043927491,-93.91137588769197
2011-04-17_running.gpx,8,68,2011-04-17T22:54:24+00:00,305.79998779296875,*hr*,44.957088846713305,-93.91111956909299
2011-04-17_running.gpx,8,69,2011-04-17T22:54:29+00:00,305.3999938964844,*hr*,44.9570925347507,-93.91094036400318
2011-04-17_running.gpx,8,70,2011-04-17T22:54:34+00:00,307.20001220703125,*hr*,44.95711466297507,-93.91075319610536
2011-04-17_running.gpx,8,71,2011-04-17T22:54:39+00:00,308.20001220703125,*hr*,44.957139138132334,-93.91057214699686
2011-04-17_running.gpx,8,72,2011-04-17T22:54:45+00:00,308.20001220703125,*hr*,44.957151459529996,-93.91037416644394
2011-04-17_running.gpx,8,73,2011-04-17T22:54:49+00:00,308.79998779296875,*hr*,44.95714768767357,-93.91024583950639
2011-04-17_running.gpx,8,74,2011-04-17T22:54:54+00:00,308.20001220703125,*hr*,44.957141149789095,-93.91007359139621
2011-04-17_running.gpx,8,75,2011-04-17T22:54:59+00:00,310.6000061035156,*hr*,44.95715665630996,-93.90990695916116
2011-04-17_running.gpx,8,76,2011-04-17T22:55:04+00:00,310.6000061035156,*hr*,44.95716344565153,-93.90973705798388
2011-04-17_running.gpx,8,77,2011-04-17T22:55:07+00:00,309.6000061035156,*hr*,44.95716713368893,-93.90962976962328
2011-04-17_running.gpx,8,78,2011-04-17T22:55:12+00:00,306.79998779296875,*hr*,44.957177359610796,-93.90945358201861
2011-04-17_running.gpx,8,79,2011-04-17T22:55:18+00:00,307.79998779296875,*hr*,44.95717216283083,-93.90923355706036
2011-04-17_running.gpx,8,80,2011-04-17T22:55:23+00:00,306.79998779296875,*hr*,44.95718289166689,-93.90907555818558
2011-04-17_running.gpx,8,81,2011-04-17T22:55:28+00:00,305.79998779296875,*hr*,44.9571945425123,-93.90890247188509
2011-04-17_running.gpx,8,82,2011-04-17T22:55:34+00:00,306.3999938964844,*hr*,44.957204684615135,-93.90867557376623
2011-04-17_running.gpx,8,83,2011-04-17T22:55:39+00:00,307.79998779296875,*hr*,44.95723963715136,-93.90848027542233
2011-04-17_running.gpx,8,84,2011-04-17T22:55:44+00:00,308.20001220703125,*hr*,44.95723569765687,-93.9083041716367
2011-04-17_running.gpx,8,85,2011-04-17T22:55:50+00:00,307.79998779296875,*hr*,44.957244750112295,-93.9080850686878
2011-04-17_running.gpx,8,86,2011-04-17T22:55:55+00:00,307.79998779296875,*hr*,44.957252545282245,-93.90790753997862
2011-04-17_running.gpx,8,87,2011-04-17T22:56:01+00:00,307.20001220703125,*hr*,44.957260340452194,-93.9076722599566
2011-04-17_running.gpx,8,88,2011-04-17T22:56:06+00:00,305.79998779296875,*hr*,44.957263357937336,-93.90748559497297
2011-04-17_running.gpx,8,89,2011-04-17T22:56:12+00:00,304.3999938964844,*hr*,44.95727718807757,-93.90726808458567
2011-04-17_running.gpx,8,90,2011-04-17T22:56:17+00:00,305.3999938964844,*hr*,44.95727685280144,-93.90708443708718
2011-04-17_running.gpx,8,91,2011-04-17T22:56:22+00:00,305.79998779296875,*hr*,44.957272661849856,-93.90689626336098
2011-04-17_running.gpx,8,92,2011-04-17T22:56:28+00:00,305.79998779296875,*hr*,44.95728154666722,-93.90667255036533
2011-04-17_running.gpx,8,93,2011-04-17T22:56:34+00:00,307.20001220703125,*hr*,44.95729034766555,-93.9064459875226
2011-04-17_running.gpx,8,94,2011-04-17T22:56:40+00:00,306.79998779296875,*hr*,44.9573084525764,-93.90620886348188
2011-04-17_running.gpx,8,95,2011-04-17T22:56:45+00:00,306.3999938964844,*hr*,44.957309290766716,-93.90600878745317
2011-04-17_running.gpx,8,96,2011-04-17T22:56:51+00:00,304.79998779296875,*hr*,44.95731046423316,-93.90578859485686
2011-04-17_running.gpx,8,97,2011-04-17T22:56:55+00:00,306.3999938964844,*hr*,44.95730107650161,-93.90564224682748
2011-04-17_running.gpx,9,0,2011-04-17T22:57:02+00:00,308.20001220703125,*hr*,44.9573187623173,-93.9053494669497
2011-04-17_running.gpx,9,1,2011-04-17T22:57:08+00:00,311.20001220703125,*hr*,44.95734265074134,-93.90511544421315
2011-04-17_running.gpx,9,2,2011-04-17T22:57:13+00:00,311.6000061035156,*hr*,44.957348266616464,-93.90491679310799
2011-04-17_running.gpx,9,3,2011-04-17T22:57:18+00:00,313.6000061035156,*hr*,44.957369389012456,-93.90469785779715
2011-04-17_running.gpx,9,4,2011-04-17T22:57:23+00:00,316.0,*hr*,44.95738288387656,-93.90449585393071
2011-04-17_running.gpx,9,5,2011-04-17T22:57:28+00:00,315.3999938964844,*hr*,44.95739445090294,-93.90431514009833
2011-04-17_running.gpx,9,6,2011-04-17T22:57:34+00:00,319.79998779296875,*hr*,44.95741909369826,-93.9040750823915
2011-04-17_running.gpx,9,7,2011-04-17T22:57:39+00:00,318.3999938964844,*hr*,44.957409873604774,-93.9038710668683
2011-04-17_running.gpx,9,8,2011-04-17T22:57:43+00:00,317.3999938964844,*hr*,44.95740953832865,-93.90367643907666
2011-04-17_running.gpx,9,9,2011-04-17T22:57:48+00:00,316.0,*hr*,44.9574138969183,-93.90344945713878
2011-04-17_running.gpx,9,10,2011-04-17T22:57:54+00:00,315.3999938964844,*hr*,44.95742806233466,-93.903191043064
2011-04-17_running.gpx,9,11,2011-04-17T22:57:59+00:00,314.3999938964844,*hr*,44.95745907537639,-93.90294813551009
2011-04-17_running.gpx,9,12,2011-04-17T22:58:05+00:00,315.3999938964844,*hr*,44.957491932436824,-93.90267295762897
2011-04-17_running.gpx,9,13,2011-04-17T22:58:10+00:00,313.0,*hr*,44.957476342096925,-93.9024637453258
2011-04-17_running.gpx,9,14,2011-04-17T22:58:14+00:00,310.6000061035156,*hr*,44.957490591332316,-93.90230298042297
2011-04-17_running.gpx,9,15,2011-04-17T22:58:19+00:00,309.6000061035156,*hr*,44.95752395130694,-93.90206895768642
2011-04-17_running.gpx,9,16,2011-04-17T22:58:23+00:00,306.79998779296875,*hr*,44.95750836096704,-93.90189117752016
2011-04-17_running.gpx,9,17,2011-04-17T22:58:27+00:00,304.3999938964844,*hr*,44.957503750920296,-93.90169135294855
2011-04-17_running.gpx,9,18,2011-04-17T22:58:32+00:00,303.0,*hr*,44.9575087800622,-93.90145137906075
2011-04-17_running.gpx,9,19,2011-04-17T22:58:36+00:00,301.0,*hr*,44.95752235874534,-93.90128625556827
2011-04-17_running.gpx,9,20,2011-04-17T22:58:42+00:00,299.20001220703125,*hr*,44.95754297822714,-93.90102566219866
2011-04-17_running.gpx,9,21,2011-04-17T22:58:47+00:00,298.20001220703125,*hr*,44.957556976005435,-93.90079256147146
2011-04-17_running.gpx,9,22,2011-04-17T22:58:53+00:00,301.6000061035156,*hr*,44.957554545253515,-93.90051864087582
2011-04-17_running.gpx,9,23,2011-04-17T22:58:58+00:00,301.0,*hr*,44.95754809118807,-93.90030758455396
2011-04-17_running.gpx,9,24,2011-04-17T22:59:04+00:00,301.0,*hr*,44.957564854994416,-93.90003684908152
2011-04-17_running.gpx,9,25,2011-04-17T22:59:09+00:00,302.0,*hr*,44.95757047086954,-93.89982545748353
2011-04-17_running.gpx,9,26,2011-04-17T22:59:14+00:00,302.0,*hr*,44.95757005177438,-93.89960928820074
2011-04-17_running.gpx,9,27,2011-04-17T22:59:20+00:00,304.0,*hr*,44.957579942420125,-93.89934978447855
2011-04-17_running.gpx,9,28,2011-04-17T22:59:27+00:00,302.0,*hr*,44.95760357938707,-93.89903856441379
2011-04-17_running.gpx,9,29,2011-04-17T22:59:33+00:00,301.0,*hr*,44.95760559104383,-93.89880085363984
2011-04-17_running.gpx,9,30,2011-04-17T22:59:39+00:00,302.0,*hr*,44.9576451536268,-93.89852173626423
2011-04-17_running.gpx,9,31,2011-04-17T22:59:43+00:00,301.6000061035156,*hr*,44.95764716528356,-93.89835267327726
2011-04-17_running.gpx,9,32,2011-04-17T22:59:46+00:00,300.6000061035156,*hr*,44.95764808729291,-93.89821856282651
2011-04-17_running.gpx,9,33,2011-04-17T22:59:52+00:00,300.6000061035156,*hr*,44.95767239481211,-93.89793869107962
2011-04-17_running.gpx,9,34,2011-04-17T22:59:58+00:00,300.6000061035156,*hr*,44.95768773369491,-93.897654293105
2011-04-17_running.gpx,9,35,2011-04-17T23:00:03+00:00,301.0,*hr*,44.957677172496915,-93.89742496423423
2011-04-17_running.gpx,9,36,2011-04-17T23:00:08+00:00,303.0,*hr*,44.95768714696169,-93.89717954210937
2011-04-17_running.gpx,9,37,2011-04-17T23:00:15+00:00,305.3999938964844,*hr*,44.957710364833474,-93.89684376306832
2011-04-17_running.gpx,9,38,2011-04-17T23:00:20+00:00,306.79998779296875,*hr*,44.95771715417504,-93.89661099761724
2011-04-17_running.gpx,9,39,2011-04-17T23:00:25+00:00,308.79998779296875,*hr*,44.95774037204683,-93.89641276560724
2011-04-17_running.gpx,9,40,2011-04-17T23:00:30+00:00,306.3999938964844,*hr*,44.95775705203414,-93.89621939510107
2011-04-17_running.gpx,9,41,2011-04-17T23:00:35+00:00,304.79998779296875,*hr*,44.95774045586586,-93.89601219445467
2011-04-17_running.gpx,9,42,2011-04-17T23:00:40+00:00,302.3999938964844,*hr*,44.9577400367707,-93.89579267241061
2011-04-17_running.gpx,9,43,2011-04-17T23:00:45+00:00,300.0,*hr*,44.95774305425584,-93.89556116424501
2011-04-17_running.gpx,9,44,2011-04-17T23:00:51+00:00,299.20001220703125,*hr*,44.95775864459574,-93.8952799513936
2011-04-17_running.gpx,9,45,2011-04-17T23:00:57+00:00,300.0,*hr*,44.957760740071535,-93.89500804245472
2011-04-17_running.gpx,9,46,2011-04-17T23:01:03+00:00,303.0,*hr*,44.95778236538172,-93.89472448267043
2011-04-17_running.gpx,9,47,2011-04-17T23:01:08+00:00,307.20001220703125,*hr*,44.95780189521611,-93.89446506276727
2011-04-17_running.gpx,9,48,2011-04-17T23:01:14+00:00,307.20001220703125,*hr*,44.95781119912863,-93.89419156126678
2011-04-17_running.gpx,9,49,2011-04-17T23:01:19+00:00,306.79998779296875,*hr*,44.95782536454499,-93.89397405087948
2011-04-17_running.gpx,9,50,2011-04-17T23:01:25+00:00,311.20001220703125,*hr*,44.95785495266318,-93.89367615804076
2011-04-17_running.gpx,9,51,2011-04-17T23:01:30+00:00,311.6000061035156,*hr*,44.95787104591727,-93.89344163239002
2011-04-17_running.gpx,9,52,2011-04-17T23:01:35+00:00,308.79998779296875,*hr*,44.95785285718739,-93.89320467598736
2011-04-17_running.gpx,9,53,2011-04-17T23:01:41+00:00,305.3999938964844,*hr*,44.95785126462579,-93.89291533268988
2011-04-17_running.gpx,9,54,2011-04-17T23:01:46+00:00,309.20001220703125,*hr*,44.95785386301577,-93.89264375902712
2011-04-17_running.gpx,9,55,2011-04-17T23:01:51+00:00,311.20001220703125,*hr*,44.95784154161811,-93.89241199940443
2011-04-17_running.gpx,9,56,2011-04-17T23:01:56+00:00,310.6000061035156,*hr*,44.95783969759941,-93.89220689423382
2011-04-17_running.gpx,9,57,2011-04-17T23:02:02+00:00,308.79998779296875,*hr*,44.95783709920943,-93.89194529503584
2011-04-17_running.gpx,9,58,2011-04-17T23:02:07+00:00,307.20001220703125,*hr*,44.95782955549657,-93.89171378687024
2011-04-17_running.gpx,9,59,2011-04-17T23:02:11+00:00,305.3999938964844,*hr*,44.957804158329964,-93.89154455624521
2011-04-17_running.gpx,9,60,2011-04-17T23:02:17+00:00,304.3999938964844,*hr*,44.9577865563333,-93.89126946218312
2011-04-17_running.gpx,9,61,2011-04-17T23:02:21+00:00,303.3999938964844,*hr*,44.95778236538172,-93.89109025709331
2011-04-17_running.gpx,9,62,2011-04-17T23:02:27+00:00,303.0,*hr*,44.9577730614692,-93.89080703258514
2011-04-17_running.gpx,9,63,2011-04-17T23:02:33+00:00,302.3999938964844,*hr*,44.95775453746319,-93.89053034596145
2011-04-17_running.gpx,9,64,2011-04-17T23:02:39+00:00,303.0,*hr*,44.9577347561717,-93.89025893993676
2011-04-17_running.gpx,9,65,2011-04-17T23:02:45+00:00,304.0,*hr*,44.957703994587064,-93.88992944732308
2011-04-17_running.gpx,9,66,2011-04-17T23:02:50+00:00,304.3999938964844,*hr*,44.95767239481211,-93.88967094942927
2011-04-17_running.gpx,9,67,2011-04-17T23:02:54+00:00,304.0,*hr*,44.95765797793865,-93.88946047984064
2011-04-17_running.gpx,9,68,2011-04-17T23:02:59+00:00,303.3999938964844,*hr*,44.957635682076216,-93.88919594697654
2011-04-17_running.gpx,9,69,2011-04-17T23:03:03+00:00,304.3999938964844,*hr*,44.9576052557677,-93.88898128643632
2011-04-17_running.gpx,9,70,2011-04-17T23:03:08+00:00,303.0,*hr*,44.957564771175385,-93.88874826952815
2011-04-17_running.gpx,9,71,2011-04-17T23:03:13+00:00,301.6000061035156,*hr*,44.95754105038941,-93.88849237002432
2011-04-17_running.gpx,9,72,2011-04-17T23:03:18+00:00,299.6000061035156,*hr*,44.95748388580978,-93.88821526430547
2011-04-17_running.gpx,9,73,2011-04-17T23:03:24+00:00,299.20001220703125,*hr*,44.95741406455636,-93.887910079211
2011-04-17_running.gpx,9,74,2011-04-17T23:03:29+00:00,299.20001220703125,*hr*,44.95736729353666,-93.88767035678029
2011-04-17_running.gpx,9,75,2011-04-17T23:03:34+00:00,300.6000061035156,*hr*,44.957328736782074,-93.88742543756962
2011-04-17_running.gpx,9,76,2011-04-17T23:03:38+00:00,302.3999938964844,*hr*,44.95730199851096,-93.88723466545343
2011-04-17_running.gpx,9,77,2011-04-17T23:03:43+00:00,303.3999938964844,*hr*,44.95726847089827,-93.8870001398027
2011-04-17_running.gpx,9,78,2011-04-17T23:03:48+00:00,304.3999938964844,*hr*,44.95720979757607,-93.88675563968718
2011-04-17_running.gpx,9,79,2011-04-17T23:03:54+00:00,304.0,*hr*,44.95717115700245,-93.88647417537868
2011-04-17_running.gpx,9,80,2011-04-17T23:04:01+00:00,301.0,*hr*,44.95713025331497,-93.88613177463412
2011-04-17_running.gpx,9,81,2011-04-17T23:04:06+00:00,300.6000061035156,*hr*,44.95707744732499,-93.88587838970125
2011-04-17_running.gpx,9,82,2011-04-17T23:04:11+00:00,300.6000061035156,*hr*,44.957040064036846,-93.88563129119575
2011-04-17_running.gpx,9,83,2011-04-17T23:04:15+00:00,301.0,*hr*,44.95699664577842,-93.88544135726988
2011-04-17_running.gpx,9,84,2011-04-17T23:04:16+00:00,301.0,*hr*,44.95699035935104,-93.88539165258408
2011-04-17_running.gpx,10,0,2011-04-17T23:04:16+00:00,301.0,*hr*,44.95699035935104,-93.88539165258408
